# PURPOSE: This file distributes the Hp30 index and ap30 index of the geomagnetic Hpo index family
# LICENSE: CC BY 4.0
# SOURCE: Geomagnetic Observatory Niemegk, GFZ Helmholtz Centre for Geosciences, please cite:
# Yamazaki, Y., Matzka, J., da Silva, M.V., Kervalishvili, G., Korte, M., Rauberg, J., 2024. Assessment of geomagnetic activity for the 
# Kp=9 "Gannon Storm" in May 2024 based on version 3.0 Hpo Indices. ESS Open Archive, https://doi.org/10.22541/essoar.171838396.68563140/v1
#
# Hp30 and ap30
# Hp30 and ap30 are produced by Geomagnetic Observatory Niemegk, GFZ Helmholtz Centre for Geosciences. Both indices are unitless.
# Described in: Yamazaki et al. (2024), see reference above.
# Data publication: Matzka, J., Bronkalla, O., da Silva, M.V., Kervalishvili, G., Rauberg, J., Korte., M. and Yamazaki, Y., 2024. Geomagnetic
# Hpo index. V. 3.0. GFZ Data Services, https://doi.org/10.5880/Hpo.0003
# 
# Short file description (for a detailed file description, see Hpo_format.txt):
# 30 header lines, all starting with #
# ASCII, blank separated and fixed length, missing data indicated by -1.000 for Hp30 and -1 for ap30
# YYYY MM DD is date of UT day, hh.h is starting time in hours of interval for which Hp30 and ap30 are given
# hh._m is mid time in hours of interval for which Hp30 and ap30 are given
# days is days since 1932-01-01 00:00 UT to start of interval, days_m is days since 1932-01-01 00:00 UT to mid of interval
# Hp30, ap30
# Currently always D = 0, reserved for future use.
#
#
#
#
#
# The format for each line is (i stands for integer, f for float):
#iii ii ii ff.f ff.ff fffff.fffff fffff.fffff ff.fff iiii i
#
# The parameters in each line are:
#YYY MM DD hh.h hh._m        days      days_m   Hp30 ap30 D
2026 08 09 00.0 00.25 34554.00000 34554.01042  3.000   15 0
2026 08 09 00.5 00.75 34554.02083 34554.03125  2.667   12 0
2026 08 09 01.0 01.25 34554.04167 34554.05208  2.667   12 0
2026 08 09 01.5 01.75 34554.06250 34554.07292  1.667    6 0
2026 08 09 02.0 02.25 34554.08333 34554.09375  2.667   12 0
2026 08 09 02.5 02.75 34554.10417 34554.11458  2.333    9 0
2026 08 09 03.0 03.25 34554.12500 34554.13542  1.667    6 0
2026 08 09 03.5 03.75 34554.14583 34554.15625  1.667    6 0
2026 08 09 04.0 04.25 34554.16667 34554.17708  2.000    7 0
2026 08 09 04.5 04.75 34554.18750 34554.19792  1.667    6 0
2026 08 09 05.0 05.25 34554.20833 34554.21875  2.000    7 0
2026 08 09 05.5 05.75 34554.22917 34554.23958  2.333    9 0
2026 08 09 06.0 06.25 34554.25000 34554.26042  2.667   12 0
2026 08 09 06.5 06.75 34554.27083 34554.28125  2.333    9 0
2026 08 09 07.0 07.25 34554.29167 34554.30208  2.333    9 0
2026 08 09 07.5 07.75 34554.31250 34554.32292  2.000    7 0
2026 08 09 08.0 08.25 34554.33333 34554.34375  2.333    9 0
2026 08 09 08.5 08.75 34554.35417 34554.36458  2.333    9 0
2026 08 09 09.0 09.25 34554.37500 34554.38542  2.333    9 0
2026 08 09 09.5 09.75 34554.39583 34554.40625  1.667    6 0
2026 08 09 10.0 10.25 34554.41667 34554.42708  1.333    5 0
2026 08 09 10.5 10.75 34554.43750 34554.44792  0.667    3 0
2026 08 09 11.0 11.25 34554.45833 34554.46875  1.333    5 0
2026 08 09 11.5 11.75 34554.47917 34554.48958  1.333    5 0
2026 08 09 12.0 12.25 34554.50000 34554.51042  1.000    4 0
2026 08 09 12.5 12.75 34554.52083 34554.53125  1.000    4 0
2026 08 09 13.0 13.25 34554.54167 34554.55208  0.667    3 0
2026 08 09 13.5 13.75 34554.56250 34554.57292  1.333    5 0
2026 08 09 14.0 14.25 34554.58333 34554.59375  1.000    4 0
2026 08 09 14.5 14.75 34554.60417 34554.61458  1.000    4 0
2026 08 09 15.0 15.25 34554.62500 34554.63542  1.333    5 0
2026 08 09 15.5 15.75 34554.64583 34554.65625  1.000    4 0
2026 08 09 16.0 16.25 34554.66667 34554.67708  1.333    5 0
2026 08 09 16.5 16.75 34554.68750 34554.69792  1.000    4 0
2026 08 09 17.0 17.25 34554.70833 34554.71875  1.333    5 0
2026 08 09 17.5 17.75 34554.72917 34554.73958  1.333    5 0
2026 08 09 18.0 18.25 34554.75000 34554.76042  0.667    3 0
2026 08 09 18.5 18.75 34554.77083 34554.78125  1.333    5 0
2026 08 09 19.0 19.25 34554.79167 34554.80208  2.333    9 0
2026 08 09 19.5 19.75 34554.81250 34554.82292  1.000    4 0
2026 08 09 20.0 20.25 34554.83333 34554.84375  1.000    4 0
2026 08 09 20.5 20.75 34554.85417 34554.86458  2.000    7 0
2026 08 09 21.0 21.25 34554.87500 34554.88542  2.333    9 0
2026 08 09 21.5 21.75 34554.89583 34554.90625  1.667    6 0
2026 08 09 22.0 22.25 34554.91667 34554.92708  1.000    4 0
2026 08 09 22.5 22.75 34554.93750 34554.94792  2.000    7 0
2026 08 09 23.0 23.25 34554.95833 34554.96875  2.000    7 0
2026 08 09 23.5 23.75 34554.97917 34554.98958  3.000   15 0
2026 08 10 00.0 00.25 34555.00000 34555.01042  2.333    9 0
2026 08 10 00.5 00.75 34555.02083 34555.03125  1.333    5 0
2026 08 10 01.0 01.25 34555.04167 34555.05208  1.333    5 0
2026 08 10 01.5 01.75 34555.06250 34555.07292  1.667    6 0
2026 08 10 02.0 02.25 34555.08333 34555.09375  1.667    6 0
2026 08 10 02.5 02.75 34555.10417 34555.11458  1.333    5 0
2026 08 10 03.0 03.25 34555.12500 34555.13542  0.333    2 0
2026 08 10 03.5 03.75 34555.14583 34555.15625  0.000    0 0
2026 08 10 04.0 04.25 34555.16667 34555.17708  0.667    3 0
2026 08 10 04.5 04.75 34555.18750 34555.19792  1.333    5 0
2026 08 10 05.0 05.25 34555.20833 34555.21875  1.333    5 0
2026 08 10 05.5 05.75 34555.22917 34555.23958  1.667    6 0
2026 08 10 06.0 06.25 34555.25000 34555.26042  2.000    7 0
2026 08 10 06.5 06.75 34555.27083 34555.28125  2.000    7 0
2026 08 10 07.0 07.25 34555.29167 34555.30208  1.667    6 0
2026 08 10 07.5 07.75 34555.31250 34555.32292  1.333    5 0
2026 08 10 08.0 08.25 34555.33333 34555.34375  0.667    3 0
2026 08 10 08.5 08.75 34555.35417 34555.36458  1.000    4 0
2026 08 10 09.0 09.25 34555.37500 34555.38542  1.667    6 0
2026 08 10 09.5 09.75 34555.39583 34555.40625  1.667    6 0
2026 08 10 10.0 10.25 34555.41667 34555.42708  1.333    5 0
2026 08 10 10.5 10.75 34555.43750 34555.44792  1.000    4 0
2026 08 10 11.0 11.25 34555.45833 34555.46875  0.333    2 0
2026 08 10 11.5 11.75 34555.47917 34555.48958  0.667    3 0
2026 08 10 12.0 12.25 34555.50000 34555.51042  0.333    2 0
2026 08 10 12.5 12.75 34555.52083 34555.53125  0.333    2 0
2026 08 10 13.0 13.25 34555.54167 34555.55208  1.000    4 0
2026 08 10 13.5 13.75 34555.56250 34555.57292  1.000    4 0
2026 08 10 14.0 14.25 34555.58333 34555.59375  0.333    2 0
2026 08 10 14.5 14.75 34555.60417 34555.61458  0.333    2 0
2026 08 10 15.0 15.25 34555.62500 34555.63542  0.000    0 0
2026 08 10 15.5 15.75 34555.64583 34555.65625  0.000    0 0
2026 08 10 16.0 16.25 34555.66667 34555.67708  0.333    2 0
2026 08 10 16.5 16.75 34555.68750 34555.69792  0.333    2 0
2026 08 10 17.0 17.25 34555.70833 34555.71875  0.333    2 0
2026 08 10 17.5 17.75 34555.72917 34555.73958  0.333    2 0
2026 08 10 18.0 18.25 34555.75000 34555.76042  0.333    2 0
2026 08 10 18.5 18.75 34555.77083 34555.78125  0.000    0 0
2026 08 10 19.0 19.25 34555.79167 34555.80208  0.667    3 0
2026 08 10 19.5 19.75 34555.81250 34555.82292  0.333    2 0
2026 08 10 20.0 20.25 34555.83333 34555.84375  0.333    2 0
2026 08 10 20.5 20.75 34555.85417 34555.86458  0.000    0 0
2026 08 10 21.0 21.25 34555.87500 34555.88542  0.333    2 0
2026 08 10 21.5 21.75 34555.89583 34555.90625  1.667    6 0
2026 08 10 22.0 22.25 34555.91667 34555.92708  1.333    5 0
2026 08 10 22.5 22.75 34555.93750 34555.94792  1.333    5 0
2026 08 10 23.0 23.25 34555.95833 34555.96875  1.000    4 0
2026 08 10 23.5 23.75 34555.97917 34555.98958  1.333    5 0
2026 08 11 00.0 00.25 34556.00000 34556.01042  1.667    6 0
2026 08 11 00.5 00.75 34556.02083 34556.03125  0.667    3 0
2026 08 11 01.0 01.25 34556.04167 34556.05208  0.333    2 0
2026 08 11 01.5 01.75 34556.06250 34556.07292  0.333    2 0
2026 08 11 02.0 02.25 34556.08333 34556.09375  0.000    0 0
2026 08 11 02.5 02.75 34556.10417 34556.11458  0.000    0 0
2026 08 11 03.0 03.25 34556.12500 34556.13542  0.333    2 0
2026 08 11 03.5 03.75 34556.14583 34556.15625  0.333    2 0
2026 08 11 04.0 04.25 34556.16667 34556.17708  0.333    2 0
2026 08 11 04.5 04.75 34556.18750 34556.19792  0.333    2 0
2026 08 11 05.0 05.25 34556.20833 34556.21875  0.333    2 0
2026 08 11 05.5 05.75 34556.22917 34556.23958  0.333    2 0
2026 08 11 06.0 06.25 34556.25000 34556.26042  0.333    2 0
2026 08 11 06.5 06.75 34556.27083 34556.28125  0.333    2 0
2026 08 11 07.0 07.25 34556.29167 34556.30208  0.000    0 0
2026 08 11 07.5 07.75 34556.31250 34556.32292  0.333    2 0
2026 08 11 08.0 08.25 34556.33333 34556.34375  0.000    0 0
2026 08 11 08.5 08.75 34556.35417 34556.36458  0.333    2 0
2026 08 11 09.0 09.25 34556.37500 34556.38542  0.667    3 0
2026 08 11 09.5 09.75 34556.39583 34556.40625  0.000    0 0
2026 08 11 10.0 10.25 34556.41667 34556.42708  0.333    2 0
2026 08 11 10.5 10.75 34556.43750 34556.44792  0.333    2 0
2026 08 11 11.0 11.25 34556.45833 34556.46875  2.333    9 0
2026 08 11 11.5 11.75 34556.47917 34556.48958  2.000    7 0
2026 08 11 12.0 12.25 34556.50000 34556.51042  2.333    9 0
2026 08 11 12.5 12.75 34556.52083 34556.53125  2.000    7 0
2026 08 11 13.0 13.25 34556.54167 34556.55208  2.000    7 0
2026 08 11 13.5 13.75 34556.56250 34556.57292  2.667   12 0
2026 08 11 14.0 14.25 34556.58333 34556.59375  4.333   32 0
2026 08 11 14.5 14.75 34556.60417 34556.61458  2.667   12 0
2026 08 11 15.0 15.25 34556.62500 34556.63542  2.333    9 0
2026 08 11 15.5 15.75 34556.64583 34556.65625  2.000    7 0
2026 08 11 16.0 16.25 34556.66667 34556.67708  4.333   32 0
2026 08 11 16.5 16.75 34556.68750 34556.69792  3.000   15 0
2026 08 11 17.0 17.25 34556.70833 34556.71875  1.667    6 0
2026 08 11 17.5 17.75 34556.72917 34556.73958  1.333    5 0
2026 08 11 18.0 18.25 34556.75000 34556.76042  2.333    9 0
2026 08 11 18.5 18.75 34556.77083 34556.78125  2.000    7 0
2026 08 11 19.0 19.25 34556.79167 34556.80208  1.000    4 0
2026 08 11 19.5 19.75 34556.81250 34556.82292  1.000    4 0
2026 08 11 20.0 20.25 34556.83333 34556.84375  1.333    5 0
2026 08 11 20.5 20.75 34556.85417 34556.86458  1.333    5 0
2026 08 11 21.0 21.25 34556.87500 34556.88542  1.333    5 0
2026 08 11 21.5 21.75 34556.89583 34556.90625  1.333    5 0
2026 08 11 22.0 22.25 34556.91667 34556.92708  0.333    2 0
2026 08 11 22.5 22.75 34556.93750 34556.94792  0.333    2 0
2026 08 11 23.0 23.25 34556.95833 34556.96875  1.000    4 0
2026 08 11 23.5 23.75 34556.97917 34556.98958  1.000    4 0
2026 08 12 00.0 00.25 34557.00000 34557.01042  0.667    3 0
2026 08 12 00.5 00.75 34557.02083 34557.03125  0.000    0 0
2026 08 12 01.0 01.25 34557.04167 34557.05208  0.667    3 0
2026 08 12 01.5 01.75 34557.06250 34557.07292  0.667    3 0
2026 08 12 02.0 02.25 34557.08333 34557.09375  2.000    7 0
2026 08 12 02.5 02.75 34557.10417 34557.11458  2.667   12 0
2026 08 12 03.0 03.25 34557.12500 34557.13542  2.000    7 0
2026 08 12 03.5 03.75 34557.14583 34557.15625  1.667    6 0
2026 08 12 04.0 04.25 34557.16667 34557.17708  2.333    9 0
2026 08 12 04.5 04.75 34557.18750 34557.19792  3.000   15 0
2026 08 12 05.0 05.25 34557.20833 34557.21875  3.000   15 0
2026 08 12 05.5 05.75 34557.22917 34557.23958  3.000   15 0
2026 08 12 06.0 06.25 34557.25000 34557.26042  2.000    7 0
2026 08 12 06.5 06.75 34557.27083 34557.28125  2.000    7 0
2026 08 12 07.0 07.25 34557.29167 34557.30208  2.667   12 0
2026 08 12 07.5 07.75 34557.31250 34557.32292  2.000    7 0
2026 08 12 08.0 08.25 34557.33333 34557.34375  1.667    6 0
2026 08 12 08.5 08.75 34557.35417 34557.36458  1.333    5 0
2026 08 12 09.0 09.25 34557.37500 34557.38542  1.333    5 0
2026 08 12 09.5 09.75 34557.39583 34557.40625  2.000    7 0
2026 08 12 10.0 10.25 34557.41667 34557.42708  2.333    9 0
2026 08 12 10.5 10.75 34557.43750 34557.44792  3.000   15 0
2026 08 12 11.0 11.25 34557.45833 34557.46875  2.000    7 0
2026 08 12 11.5 11.75 34557.47917 34557.48958  1.333    5 0
2026 08 12 12.0 12.25 34557.50000 34557.51042  2.000    7 0
2026 08 12 12.5 12.75 34557.52083 34557.53125  1.333    5 0
2026 08 12 13.0 13.25 34557.54167 34557.55208  2.333    9 0
2026 08 12 13.5 13.75 34557.56250 34557.57292  2.000    7 0
2026 08 12 14.0 14.25 34557.58333 34557.59375  3.333   18 0
2026 08 12 14.5 14.75 34557.60417 34557.61458  3.000   15 0
2026 08 12 15.0 15.25 34557.62500 34557.63542  1.667    6 0
2026 08 12 15.5 15.75 34557.64583 34557.65625  1.333    5 0
2026 08 12 16.0 16.25 34557.66667 34557.67708  1.333    5 0
2026 08 12 16.5 16.75 34557.68750 34557.69792  1.333    5 0
2026 08 12 17.0 17.25 34557.70833 34557.71875  0.667    3 0
2026 08 12 17.5 17.75 34557.72917 34557.73958  1.667    6 0
2026 08 12 18.0 18.25 34557.75000 34557.76042  2.000    7 0
2026 08 12 18.5 18.75 34557.77083 34557.78125  2.000    7 0
2026 08 12 19.0 19.25 34557.79167 34557.80208  1.000    4 0
2026 08 12 19.5 19.75 34557.81250 34557.82292  3.333   18 0
2026 08 12 20.0 20.25 34557.83333 34557.84375  2.667   12 0
2026 08 12 20.5 20.75 34557.85417 34557.86458  2.000    7 0
2026 08 12 21.0 21.25 34557.87500 34557.88542  1.667    6 0
2026 08 12 21.5 21.75 34557.89583 34557.90625  1.000    4 0
2026 08 12 22.0 22.25 34557.91667 34557.92708  1.333    5 0
2026 08 12 22.5 22.75 34557.93750 34557.94792  1.333    5 0
2026 08 12 23.0 23.25 34557.95833 34557.96875  1.000    4 0
2026 08 12 23.5 23.75 34557.97917 34557.98958  1.333    5 0
2026 08 13 00.0 00.25 34558.00000 34558.01042  1.667    6 0
2026 08 13 00.5 00.75 34558.02083 34558.03125  2.000    7 0
2026 08 13 01.0 01.25 34558.04167 34558.05208  2.000    7 0
2026 08 13 01.5 01.75 34558.06250 34558.07292  2.000    7 0
2026 08 13 02.0 02.25 34558.08333 34558.09375  2.333    9 0
2026 08 13 02.5 02.75 34558.10417 34558.11458  2.333    9 0
2026 08 13 03.0 03.25 34558.12500 34558.13542  2.333    9 0
2026 08 13 03.5 03.75 34558.14583 34558.15625  2.000    7 0
2026 08 13 04.0 04.25 34558.16667 34558.17708  2.000    7 0
2026 08 13 04.5 04.75 34558.18750 34558.19792  1.333    5 0
2026 08 13 05.0 05.25 34558.20833 34558.21875  1.333    5 0
2026 08 13 05.5 05.75 34558.22917 34558.23958  3.000   15 0
2026 08 13 06.0 06.25 34558.25000 34558.26042  1.667    6 0
2026 08 13 06.5 06.75 34558.27083 34558.28125  1.667    6 0
2026 08 13 07.0 07.25 34558.29167 34558.30208  1.333    5 0
2026 08 13 07.5 07.75 34558.31250 34558.32292  0.667    3 0
2026 08 13 08.0 08.25 34558.33333 34558.34375  1.667    6 0
2026 08 13 08.5 08.75 34558.35417 34558.36458  0.333    2 0
2026 08 13 09.0 09.25 34558.37500 34558.38542  1.000    4 0
2026 08 13 09.5 09.75 34558.39583 34558.40625  0.667    3 0
2026 08 13 10.0 10.25 34558.41667 34558.42708  0.667    3 0
2026 08 13 10.5 10.75 34558.43750 34558.44792  1.333    5 0
2026 08 13 11.0 11.25 34558.45833 34558.46875  1.667    6 0
2026 08 13 11.5 11.75 34558.47917 34558.48958  1.667    6 0
2026 08 13 12.0 12.25 34558.50000 34558.51042  1.000    4 0
2026 08 13 12.5 12.75 34558.52083 34558.53125  1.000    4 0
2026 08 13 13.0 13.25 34558.54167 34558.55208  0.667    3 0
2026 08 13 13.5 13.75 34558.56250 34558.57292  1.000    4 0
2026 08 13 14.0 14.25 34558.58333 34558.59375  0.667    3 0
2026 08 13 14.5 14.75 34558.60417 34558.61458  0.667    3 0
2026 08 13 15.0 15.25 34558.62500 34558.63542  0.667    3 0
2026 08 13 15.5 15.75 34558.64583 34558.65625  0.667    3 0
2026 08 13 16.0 16.25 34558.66667 34558.67708  0.667    3 0
2026 08 13 16.5 16.75 34558.68750 34558.69792  0.667    3 0
2026 08 13 17.0 17.25 34558.70833 34558.71875  0.333    2 0
2026 08 13 17.5 17.75 34558.72917 34558.73958  0.333    2 0
2026 08 13 18.0 18.25 34558.75000 34558.76042  1.000    4 0
2026 08 13 18.5 18.75 34558.77083 34558.78125  1.000    4 0
2026 08 13 19.0 19.25 34558.79167 34558.80208  0.667    3 0
2026 08 13 19.5 19.75 34558.81250 34558.82292  1.333    5 0
2026 08 13 20.0 20.25 34558.83333 34558.84375  2.000    7 0
2026 08 13 20.5 20.75 34558.85417 34558.86458  1.667    6 0
2026 08 13 21.0 21.25 34558.87500 34558.88542  3.667   22 0
2026 08 13 21.5 21.75 34558.89583 34558.90625  2.667   12 0
2026 08 13 22.0 22.25 34558.91667 34558.92708  2.667   12 0
2026 08 13 22.5 22.75 34558.93750 34558.94792  2.000    7 0
2026 08 13 23.0 23.25 34558.95833 34558.96875  3.333   18 0
2026 08 13 23.5 23.75 34558.97917 34558.98958  3.667   22 0
2026 08 14 00.0 00.25 34559.00000 34559.01042  3.667   22 0
2026 08 14 00.5 00.75 34559.02083 34559.03125  2.333    9 0
2026 08 14 01.0 01.25 34559.04167 34559.05208  1.667    6 0
2026 08 14 01.5 01.75 34559.06250 34559.07292  1.667    6 0
2026 08 14 02.0 02.25 34559.08333 34559.09375  1.667    6 0
2026 08 14 02.5 02.75 34559.10417 34559.11458  1.333    5 0
2026 08 14 03.0 03.25 34559.12500 34559.13542  1.333    5 0
2026 08 14 03.5 03.75 34559.14583 34559.15625  1.333    5 0
2026 08 14 04.0 04.25 34559.16667 34559.17708  2.000    7 0
2026 08 14 04.5 04.75 34559.18750 34559.19792  1.667    6 0
2026 08 14 05.0 05.25 34559.20833 34559.21875  2.667   12 0
2026 08 14 05.5 05.75 34559.22917 34559.23958  3.000   15 0
2026 08 14 06.0 06.25 34559.25000 34559.26042  3.000   15 0
2026 08 14 06.5 06.75 34559.27083 34559.28125  3.000   15 0
2026 08 14 07.0 07.25 34559.29167 34559.30208  2.333    9 0
2026 08 14 07.5 07.75 34559.31250 34559.32292  1.667    6 0
2026 08 14 08.0 08.25 34559.33333 34559.34375  2.667   12 0
2026 08 14 08.5 08.75 34559.35417 34559.36458  2.333    9 0
2026 08 14 09.0 09.25 34559.37500 34559.38542  2.333    9 0
2026 08 14 09.5 09.75 34559.39583 34559.40625  3.000   15 0
2026 08 14 10.0 10.25 34559.41667 34559.42708  2.667   12 0
2026 08 14 10.5 10.75 34559.43750 34559.44792  3.000   15 0
2026 08 14 11.0 11.25 34559.45833 34559.46875  2.667   12 0
2026 08 14 11.5 11.75 34559.47917 34559.48958  2.333    9 0
2026 08 14 12.0 12.25 34559.50000 34559.51042  1.667    6 0
2026 08 14 12.5 12.75 34559.52083 34559.53125  2.333    9 0
2026 08 14 13.0 13.25 34559.54167 34559.55208  2.000    7 0
2026 08 14 13.5 13.75 34559.56250 34559.57292  2.333    9 0
2026 08 14 14.0 14.25 34559.58333 34559.59375  1.667    6 0
2026 08 14 14.5 14.75 34559.60417 34559.61458  1.333    5 0
2026 08 14 15.0 15.25 34559.62500 34559.63542  2.000    7 0
2026 08 14 15.5 15.75 34559.64583 34559.65625  1.667    6 0
2026 08 14 16.0 16.25 34559.66667 34559.67708  1.667    6 0
2026 08 14 16.5 16.75 34559.68750 34559.69792  1.333    5 0
2026 08 14 17.0 17.25 34559.70833 34559.71875  1.333    5 0
2026 08 14 17.5 17.75 34559.72917 34559.73958  2.333    9 0
2026 08 14 18.0 18.25 34559.75000 34559.76042  2.000    7 0
2026 08 14 18.5 18.75 34559.77083 34559.78125  2.000    7 0
2026 08 14 19.0 19.25 34559.79167 34559.80208  2.333    9 0
2026 08 14 19.5 19.75 34559.81250 34559.82292  2.667   12 0
2026 08 14 20.0 20.25 34559.83333 34559.84375  2.667   12 0
2026 08 14 20.5 20.75 34559.85417 34559.86458  2.667   12 0
2026 08 14 21.0 21.25 34559.87500 34559.88542  1.333    5 0
2026 08 14 21.5 21.75 34559.89583 34559.90625  1.333    5 0
2026 08 14 22.0 22.25 34559.91667 34559.92708  1.667    6 0
2026 08 14 22.5 22.75 34559.93750 34559.94792  2.000    7 0
2026 08 14 23.0 23.25 34559.95833 34559.96875  1.333    5 0
2026 08 14 23.5 23.75 34559.97917 34559.98958  1.333    5 0
2026 08 15 00.0 00.25 34560.00000 34560.01042  1.333    5 0
2026 08 15 00.5 00.75 34560.02083 34560.03125  1.333    5 0
2026 08 15 01.0 01.25 34560.04167 34560.05208  1.000    4 0
2026 08 15 01.5 01.75 34560.06250 34560.07292  0.667    3 0
2026 08 15 02.0 02.25 34560.08333 34560.09375  0.667    3 0
2026 08 15 02.5 02.75 34560.10417 34560.11458  1.000    4 0
2026 08 15 03.0 03.25 34560.12500 34560.13542  1.333    5 0
2026 08 15 03.5 03.75 34560.14583 34560.15625  1.667    6 0
2026 08 15 04.0 04.25 34560.16667 34560.17708  1.333    5 0
2026 08 15 04.5 04.75 34560.18750 34560.19792  1.333    5 0
2026 08 15 05.0 05.25 34560.20833 34560.21875  1.000    4 0
2026 08 15 05.5 05.75 34560.22917 34560.23958  0.667    3 0
2026 08 15 06.0 06.25 34560.25000 34560.26042  0.667    3 0
2026 08 15 06.5 06.75 34560.27083 34560.28125  0.000    0 0
2026 08 15 07.0 07.25 34560.29167 34560.30208  0.000    0 0
2026 08 15 07.5 07.75 34560.31250 34560.32292  0.000    0 0
2026 08 15 08.0 08.25 34560.33333 34560.34375  0.333    2 0
2026 08 15 08.5 08.75 34560.35417 34560.36458  0.667    3 0
2026 08 15 09.0 09.25 34560.37500 34560.38542  0.667    3 0
2026 08 15 09.5 09.75 34560.39583 34560.40625  0.667    3 0
2026 08 15 10.0 10.25 34560.41667 34560.42708  0.667    3 0
2026 08 15 10.5 10.75 34560.43750 34560.44792  1.000    4 0
2026 08 15 11.0 11.25 34560.45833 34560.46875  0.667    3 0
2026 08 15 11.5 11.75 34560.47917 34560.48958  1.333    5 0
2026 08 15 12.0 12.25 34560.50000 34560.51042  1.333    5 0
2026 08 15 12.5 12.75 34560.52083 34560.53125  1.333    5 0
2026 08 15 13.0 13.25 34560.54167 34560.55208  1.000    4 0
2026 08 15 13.5 13.75 34560.56250 34560.57292  1.333    5 0
2026 08 15 14.0 14.25 34560.58333 34560.59375  1.333    5 0
2026 08 15 14.5 14.75 34560.60417 34560.61458  1.000    4 0
2026 08 15 15.0 15.25 34560.62500 34560.63542  1.000    4 0
2026 08 15 15.5 15.75 34560.64583 34560.65625  1.333    5 0
2026 08 15 16.0 16.25 34560.66667 34560.67708  1.667    6 0
2026 08 15 16.5 16.75 34560.68750 34560.69792  1.000    4 0
2026 08 15 17.0 17.25 34560.70833 34560.71875  1.333    5 0
2026 08 15 17.5 17.75 34560.72917 34560.73958  2.000    7 0
2026 08 15 18.0 18.25 34560.75000 34560.76042  2.333    9 0
2026 08 15 18.5 18.75 34560.77083 34560.78125  4.000   27 0
2026 08 15 19.0 19.25 34560.79167 34560.80208  3.000   15 0
2026 08 15 19.5 19.75 34560.81250 34560.82292  2.000    7 0
2026 08 15 20.0 20.25 34560.83333 34560.84375  0.667    3 0
2026 08 15 20.5 20.75 34560.85417 34560.86458  1.000    4 0
2026 08 15 21.0 21.25 34560.87500 34560.88542  1.333    5 0
2026 08 15 21.5 21.75 34560.89583 34560.90625  2.000    7 0
2026 08 15 22.0 22.25 34560.91667 34560.92708  1.667    6 0
2026 08 15 22.5 22.75 34560.93750 34560.94792  1.333    5 0
2026 08 15 23.0 23.25 34560.95833 34560.96875  1.333    5 0
2026 08 15 23.5 23.75 34560.97917 34560.98958  1.333    5 0
2026 08 16 00.0 00.25 34561.00000 34561.01042  1.333    5 0
2026 08 16 00.5 00.75 34561.02083 34561.03125  1.000    4 0
2026 08 16 01.0 01.25 34561.04167 34561.05208  0.333    2 0
2026 08 16 01.5 01.75 34561.06250 34561.07292  0.667    3 0
2026 08 16 02.0 02.25 34561.08333 34561.09375  0.333    2 0
2026 08 16 02.5 02.75 34561.10417 34561.11458  2.333    9 0
2026 08 16 03.0 03.25 34561.12500 34561.13542  2.000    7 0
2026 08 16 03.5 03.75 34561.14583 34561.15625  1.333    5 0
2026 08 16 04.0 04.25 34561.16667 34561.17708  2.000    7 0
2026 08 16 04.5 04.75 34561.18750 34561.19792  1.333    5 0
2026 08 16 05.0 05.25 34561.20833 34561.21875  1.333    5 0
2026 08 16 05.5 05.75 34561.22917 34561.23958  1.667    6 0
2026 08 16 06.0 06.25 34561.25000 34561.26042  2.333    9 0
2026 08 16 06.5 06.75 34561.27083 34561.28125  2.667   12 0
2026 08 16 07.0 07.25 34561.29167 34561.30208  2.000    7 0
2026 08 16 07.5 07.75 34561.31250 34561.32292  1.667    6 0
2026 08 16 08.0 08.25 34561.33333 34561.34375  1.667    6 0
2026 08 16 08.5 08.75 34561.35417 34561.36458  1.333    5 0
2026 08 16 09.0 09.25 34561.37500 34561.38542  1.000    4 0
2026 08 16 09.5 09.75 34561.39583 34561.40625  0.667    3 0
2026 08 16 10.0 10.25 34561.41667 34561.42708  0.667    3 0
2026 08 16 10.5 10.75 34561.43750 34561.44792  1.333    5 0
2026 08 16 11.0 11.25 34561.45833 34561.46875  1.000    4 0
2026 08 16 11.5 11.75 34561.47917 34561.48958  0.333    2 0
2026 08 16 12.0 12.25 34561.50000 34561.51042  0.333    2 0
2026 08 16 12.5 12.75 34561.52083 34561.53125  0.333    2 0
2026 08 16 13.0 13.25 34561.54167 34561.55208  0.333    2 0
2026 08 16 13.5 13.75 34561.56250 34561.57292  0.333    2 0
2026 08 16 14.0 14.25 34561.58333 34561.59375  0.333    2 0
2026 08 16 14.5 14.75 34561.60417 34561.61458  0.333    2 0
2026 08 16 15.0 15.25 34561.62500 34561.63542  0.000    0 0
2026 08 16 15.5 15.75 34561.64583 34561.65625  0.000    0 0
2026 08 16 16.0 16.25 34561.66667 34561.67708  0.000    0 0
2026 08 16 16.5 16.75 34561.68750 34561.69792  0.000    0 0
2026 08 16 17.0 17.25 34561.70833 34561.71875  0.333    2 0
2026 08 16 17.5 17.75 34561.72917 34561.73958  0.333    2 0
2026 08 16 18.0 18.25 34561.75000 34561.76042  0.667    3 0
2026 08 16 18.5 18.75 34561.77083 34561.78125  0.333    2 0
2026 08 16 19.0 19.25 34561.79167 34561.80208  0.000    0 0
2026 08 16 19.5 19.75 34561.81250 34561.82292  0.333    2 0
2026 08 16 20.0 20.25 34561.83333 34561.84375  0.667    3 0
2026 08 16 20.5 20.75 34561.85417 34561.86458  0.333    2 0
2026 08 16 21.0 21.25 34561.87500 34561.88542  0.000    0 0
2026 08 16 21.5 21.75 34561.89583 34561.90625  0.333    2 0
2026 08 16 22.0 22.25 34561.91667 34561.92708  0.667    3 0
2026 08 16 22.5 22.75 34561.93750 34561.94792  1.333    5 0
2026 08 16 23.0 23.25 34561.95833 34561.96875  0.667    3 0
2026 08 16 23.5 23.75 34561.97917 34561.98958  0.667    3 0
2026 08 17 00.0 00.25 34562.00000 34562.01042  1.000    4 0
2026 08 17 00.5 00.75 34562.02083 34562.03125  1.333    5 0
2026 08 17 01.0 01.25 34562.04167 34562.05208  0.667    3 0
2026 08 17 01.5 01.75 34562.06250 34562.07292  0.667    3 0
2026 08 17 02.0 02.25 34562.08333 34562.09375  0.667    3 0
2026 08 17 02.5 02.75 34562.10417 34562.11458  1.333    5 0
2026 08 17 03.0 03.25 34562.12500 34562.13542  0.667    3 0
2026 08 17 03.5 03.75 34562.14583 34562.15625  1.000    4 0
2026 08 17 04.0 04.25 34562.16667 34562.17708  1.333    5 0
2026 08 17 04.5 04.75 34562.18750 34562.19792  1.333    5 0
2026 08 17 05.0 05.25 34562.20833 34562.21875  1.667    6 0
2026 08 17 05.5 05.75 34562.22917 34562.23958  2.333    9 0
2026 08 17 06.0 06.25 34562.25000 34562.26042  2.667   12 0
2026 08 17 06.5 06.75 34562.27083 34562.28125  3.000   15 0
2026 08 17 07.0 07.25 34562.29167 34562.30208  2.000    7 0
2026 08 17 07.5 07.75 34562.31250 34562.32292  1.333    5 0
2026 08 17 08.0 08.25 34562.33333 34562.34375  1.333    5 0
2026 08 17 08.5 08.75 34562.35417 34562.36458  1.000    4 0
2026 08 17 09.0 09.25 34562.37500 34562.38542  1.000    4 0
2026 08 17 09.5 09.75 34562.39583 34562.40625  1.000    4 0
2026 08 17 10.0 10.25 34562.41667 34562.42708  1.333    5 0
2026 08 17 10.5 10.75 34562.43750 34562.44792  0.667    3 0
2026 08 17 11.0 11.25 34562.45833 34562.46875  1.000    4 0
2026 08 17 11.5 11.75 34562.47917 34562.48958  0.667    3 0
2026 08 17 12.0 12.25 34562.50000 34562.51042  1.333    5 0
2026 08 17 12.5 12.75 34562.52083 34562.53125  1.333    5 0
2026 08 17 13.0 13.25 34562.54167 34562.55208  3.000   15 0
2026 08 17 13.5 13.75 34562.56250 34562.57292  2.667   12 0
2026 08 17 14.0 14.25 34562.58333 34562.59375  2.333    9 0
2026 08 17 14.5 14.75 34562.60417 34562.61458  2.000    7 0
2026 08 17 15.0 15.25 34562.62500 34562.63542  2.333    9 0
2026 08 17 15.5 15.75 34562.64583 34562.65625  2.667   12 0
2026 08 17 16.0 16.25 34562.66667 34562.67708  4.333   32 0
2026 08 17 16.5 16.75 34562.68750 34562.69792  2.667   12 0
2026 08 17 17.0 17.25 34562.70833 34562.71875  2.000    7 0
2026 08 17 17.5 17.75 34562.72917 34562.73958  1.000    4 0
2026 08 17 18.0 18.25 34562.75000 34562.76042  2.333    9 0
2026 08 17 18.5 18.75 34562.77083 34562.78125  2.667   12 0
2026 08 17 19.0 19.25 34562.79167 34562.80208  2.667   12 0
2026 08 17 19.5 19.75 34562.81250 34562.82292  3.333   18 0
2026 08 17 20.0 20.25 34562.83333 34562.84375  2.667   12 0
2026 08 17 20.5 20.75 34562.85417 34562.86458  4.667   39 0
2026 08 17 21.0 21.25 34562.87500 34562.88542  3.667   22 0
2026 08 17 21.5 21.75 34562.89583 34562.90625  3.667   22 0
2026 08 17 22.0 22.25 34562.91667 34562.92708  3.333   18 0
2026 08 17 22.5 22.75 34562.93750 34562.94792  3.333   18 0
2026 08 17 23.0 23.25 34562.95833 34562.96875  3.333   18 0
2026 08 17 23.5 23.75 34562.97917 34562.98958  3.667   22 0
2026 08 18 00.0 00.25 34563.00000 34563.01042  4.000   27 0
2026 08 18 00.5 00.75 34563.02083 34563.03125  3.667   22 0
2026 08 18 01.0 01.25 34563.04167 34563.05208  2.667   12 0
2026 08 18 01.5 01.75 34563.06250 34563.07292  3.333   18 0
2026 08 18 02.0 02.25 34563.08333 34563.09375  3.667   22 0
2026 08 18 02.5 02.75 34563.10417 34563.11458  4.000   27 0
2026 08 18 03.0 03.25 34563.12500 34563.13542  4.000   27 0
2026 08 18 03.5 03.75 34563.14583 34563.15625  3.667   22 0
2026 08 18 04.0 04.25 34563.16667 34563.17708  4.333   32 0
2026 08 18 04.5 04.75 34563.18750 34563.19792  5.000   48 0
2026 08 18 05.0 05.25 34563.20833 34563.21875  5.000   48 0
2026 08 18 05.5 05.75 34563.22917 34563.23958  5.000   48 0
2026 08 18 06.0 06.25 34563.25000 34563.26042  4.333   32 0
2026 08 18 06.5 06.75 34563.27083 34563.28125  3.000   15 0
2026 08 18 07.0 07.25 34563.29167 34563.30208  3.000   15 0
2026 08 18 07.5 07.75 34563.31250 34563.32292  3.000   15 0
2026 08 18 08.0 08.25 34563.33333 34563.34375  2.333    9 0
2026 08 18 08.5 08.75 34563.35417 34563.36458  2.000    7 0
2026 08 18 09.0 09.25 34563.37500 34563.38542  2.333    9 0
2026 08 18 09.5 09.75 34563.39583 34563.40625  1.667    6 0
2026 08 18 10.0 10.25 34563.41667 34563.42708  2.333    9 0
2026 08 18 10.5 10.75 34563.43750 34563.44792  2.000    7 0
2026 08 18 11.0 11.25 34563.45833 34563.46875  1.000    4 0
2026 08 18 11.5 11.75 34563.47917 34563.48958  1.000    4 0
2026 08 18 12.0 12.25 34563.50000 34563.51042  1.333    5 0
2026 08 18 12.5 12.75 34563.52083 34563.53125  2.667   12 0
2026 08 18 13.0 13.25 34563.54167 34563.55208  2.333    9 0
2026 08 18 13.5 13.75 34563.56250 34563.57292  1.667    6 0
2026 08 18 14.0 14.25 34563.58333 34563.59375  3.667   22 0
2026 08 18 14.5 14.75 34563.60417 34563.61458  2.333    9 0
2026 08 18 15.0 15.25 34563.62500 34563.63542  1.667    6 0
2026 08 18 15.5 15.75 34563.64583 34563.65625  2.000    7 0
2026 08 18 16.0 16.25 34563.66667 34563.67708  1.000    4 0
2026 08 18 16.5 16.75 34563.68750 34563.69792  1.333    5 0
2026 08 18 17.0 17.25 34563.70833 34563.71875  1.667    6 0
2026 08 18 17.5 17.75 34563.72917 34563.73958  1.667    6 0
2026 08 18 18.0 18.25 34563.75000 34563.76042  3.667   22 0
2026 08 18 18.5 18.75 34563.77083 34563.78125  4.667   39 0
2026 08 18 19.0 19.25 34563.79167 34563.80208  4.667   39 0
2026 08 18 19.5 19.75 34563.81250 34563.82292  4.667   39 0
2026 08 18 20.0 20.25 34563.83333 34563.84375  6.333   94 0
2026 08 18 20.5 20.75 34563.85417 34563.86458  6.333   94 0
2026 08 18 21.0 21.25 34563.87500 34563.88542  5.667   67 0
2026 08 18 21.5 21.75 34563.89583 34563.90625  5.000   48 0
2026 08 18 22.0 22.25 34563.91667 34563.92708  4.000   27 0
2026 08 18 22.5 22.75 34563.93750 34563.94792  3.667   22 0
2026 08 18 23.0 23.25 34563.95833 34563.96875  3.333   18 0
2026 08 18 23.5 23.75 34563.97917 34563.98958  4.000   27 0
2026 08 19 00.0 00.25 34564.00000 34564.01042  3.333   18 0
2026 08 19 00.5 00.75 34564.02083 34564.03125  3.000   15 0
2026 08 19 01.0 01.25 34564.04167 34564.05208  2.667   12 0
2026 08 19 01.5 01.75 34564.06250 34564.07292  2.000    7 0
2026 08 19 02.0 02.25 34564.08333 34564.09375  2.667   12 0
2026 08 19 02.5 02.75 34564.10417 34564.11458  2.667   12 0
2026 08 19 03.0 03.25 34564.12500 34564.13542  3.000   15 0
2026 08 19 03.5 03.75 34564.14583 34564.15625  3.000   15 0
2026 08 19 04.0 04.25 34564.16667 34564.17708  4.000   27 0
2026 08 19 04.5 04.75 34564.18750 34564.19792  5.000   48 0
2026 08 19 05.0 05.25 34564.20833 34564.21875  5.000   48 0
2026 08 19 05.5 05.75 34564.22917 34564.23958  5.667   67 0
2026 08 19 06.0 06.25 34564.25000 34564.26042  5.000   48 0
2026 08 19 06.5 06.75 34564.27083 34564.28125  4.000   27 0
2026 08 19 07.0 07.25 34564.29167 34564.30208  3.667   22 0
2026 08 19 07.5 07.75 34564.31250 34564.32292  4.000   27 0
2026 08 19 08.0 08.25 34564.33333 34564.34375  3.333   18 0
2026 08 19 08.5 08.75 34564.35417 34564.36458  3.667   22 0
2026 08 19 09.0 09.25 34564.37500 34564.38542  4.667   39 0
2026 08 19 09.5 09.75 34564.39583 34564.40625  4.667   39 0
2026 08 19 10.0 10.25 34564.41667 34564.42708  3.333   18 0
2026 08 19 10.5 10.75 34564.43750 34564.44792  4.000   27 0
2026 08 19 11.0 11.25 34564.45833 34564.46875  3.000   15 0
2026 08 19 11.5 11.75 34564.47917 34564.48958  3.333   18 0
2026 08 19 12.0 12.25 34564.50000 34564.51042  2.000    7 0
2026 08 19 12.5 12.75 34564.52083 34564.53125  2.333    9 0
2026 08 19 13.0 13.25 34564.54167 34564.55208  1.333    5 0
2026 08 19 13.5 13.75 34564.56250 34564.57292  2.333    9 0
2026 08 19 14.0 14.25 34564.58333 34564.59375  1.667    6 0
2026 08 19 14.5 14.75 34564.60417 34564.61458  3.000   15 0
2026 08 19 15.0 15.25 34564.62500 34564.63542  1.667    6 0
2026 08 19 15.5 15.75 34564.64583 34564.65625  2.000    7 0
2026 08 19 16.0 16.25 34564.66667 34564.67708  2.333    9 0
2026 08 19 16.5 16.75 34564.68750 34564.69792  2.333    9 0
2026 08 19 17.0 17.25 34564.70833 34564.71875  1.667    6 0
2026 08 19 17.5 17.75 34564.72917 34564.73958  1.333    5 0
2026 08 19 18.0 18.25 34564.75000 34564.76042  2.000    7 0
2026 08 19 18.5 18.75 34564.77083 34564.78125  2.000    7 0
2026 08 19 19.0 19.25 34564.79167 34564.80208  2.333    9 0
2026 08 19 19.5 19.75 34564.81250 34564.82292  3.333   18 0
2026 08 19 20.0 20.25 34564.83333 34564.84375  3.000   15 0
2026 08 19 20.5 20.75 34564.85417 34564.86458  3.000   15 0
2026 08 19 21.0 21.25 34564.87500 34564.88542  2.667   12 0
2026 08 19 21.5 21.75 34564.89583 34564.90625  3.000   15 0
2026 08 19 22.0 22.25 34564.91667 34564.92708  3.000   15 0
2026 08 19 22.5 22.75 34564.93750 34564.94792  4.000   27 0
2026 08 19 23.0 23.25 34564.95833 34564.96875  3.667   22 0
2026 08 19 23.5 23.75 34564.97917 34564.98958  3.333   18 0
2026 08 20 00.0 00.25 34565.00000 34565.01042  3.333   18 0
2026 08 20 00.5 00.75 34565.02083 34565.03125  3.000   15 0
2026 08 20 01.0 01.25 34565.04167 34565.05208  3.000   15 0
2026 08 20 01.5 01.75 34565.06250 34565.07292  2.667   12 0
2026 08 20 02.0 02.25 34565.08333 34565.09375  2.333    9 0
2026 08 20 02.5 02.75 34565.10417 34565.11458  1.667    6 0
2026 08 20 03.0 03.25 34565.12500 34565.13542  2.333    9 0
2026 08 20 03.5 03.75 34565.14583 34565.15625  2.000    7 0
2026 08 20 04.0 04.25 34565.16667 34565.17708  2.333    9 0
2026 08 20 04.5 04.75 34565.18750 34565.19792  2.667   12 0
2026 08 20 05.0 05.25 34565.20833 34565.21875  2.000    7 0
2026 08 20 05.5 05.75 34565.22917 34565.23958  2.333    9 0
2026 08 20 06.0 06.25 34565.25000 34565.26042  2.000    7 0
2026 08 20 06.5 06.75 34565.27083 34565.28125  2.667   12 0
2026 08 20 07.0 07.25 34565.29167 34565.30208  2.333    9 0
2026 08 20 07.5 07.75 34565.31250 34565.32292  3.000   15 0
2026 08 20 08.0 08.25 34565.33333 34565.34375  2.667   12 0
2026 08 20 08.5 08.75 34565.35417 34565.36458  2.000    7 0
2026 08 20 09.0 09.25 34565.37500 34565.38542  1.000    4 0
2026 08 20 09.5 09.75 34565.39583 34565.40625  1.000    4 0
2026 08 20 10.0 10.25 34565.41667 34565.42708  0.667    3 0
2026 08 20 10.5 10.75 34565.43750 34565.44792  1.667    6 0
2026 08 20 11.0 11.25 34565.45833 34565.46875  1.333    5 0
2026 08 20 11.5 11.75 34565.47917 34565.48958  3.000   15 0
2026 08 20 12.0 12.25 34565.50000 34565.51042  2.667   12 0
2026 08 20 12.5 12.75 34565.52083 34565.53125  2.667   12 0
2026 08 20 13.0 13.25 34565.54167 34565.55208  3.667   22 0
2026 08 20 13.5 13.75 34565.56250 34565.57292  3.667   22 0
2026 08 20 14.0 14.25 34565.58333 34565.59375  3.000   15 0
2026 08 20 14.5 14.75 34565.60417 34565.61458  1.333    5 0
2026 08 20 15.0 15.25 34565.62500 34565.63542  2.333    9 0
2026 08 20 15.5 15.75 34565.64583 34565.65625  2.333    9 0
2026 08 20 16.0 16.25 34565.66667 34565.67708  2.333    9 0
2026 08 20 16.5 16.75 34565.68750 34565.69792  1.667    6 0
2026 08 20 17.0 17.25 34565.70833 34565.71875  1.000    4 0
2026 08 20 17.5 17.75 34565.72917 34565.73958  1.667    6 0
2026 08 20 18.0 18.25 34565.75000 34565.76042  1.667    6 0
2026 08 20 18.5 18.75 34565.77083 34565.78125  2.333    9 0
2026 08 20 19.0 19.25 34565.79167 34565.80208  3.000   15 0
2026 08 20 19.5 19.75 34565.81250 34565.82292  2.333    9 0
2026 08 20 20.0 20.25 34565.83333 34565.84375  4.667   39 0
2026 08 20 20.5 20.75 34565.85417 34565.86458  4.667   39 0
2026 08 20 21.0 21.25 34565.87500 34565.88542  3.333   18 0
2026 08 20 21.5 21.75 34565.89583 34565.90625  2.667   12 0
2026 08 20 22.0 22.25 34565.91667 34565.92708  2.333    9 0
2026 08 20 22.5 22.75 34565.93750 34565.94792  2.333    9 0
2026 08 20 23.0 23.25 34565.95833 34565.96875  2.333    9 0
2026 08 20 23.5 23.75 34565.97917 34565.98958  2.667   12 0
2026 08 21 00.0 00.25 34566.00000 34566.01042  3.667   22 0
2026 08 21 00.5 00.75 34566.02083 34566.03125  3.333   18 0
2026 08 21 01.0 01.25 34566.04167 34566.05208  3.333   18 0
2026 08 21 01.5 01.75 34566.06250 34566.07292  3.667   22 0
2026 08 21 02.0 02.25 34566.08333 34566.09375  3.000   15 0
2026 08 21 02.5 02.75 34566.10417 34566.11458  3.000   15 0
2026 08 21 03.0 03.25 34566.12500 34566.13542  2.667   12 0
2026 08 21 03.5 03.75 34566.14583 34566.15625  2.000    7 0
2026 08 21 04.0 04.25 34566.16667 34566.17708  2.333    9 0
2026 08 21 04.5 04.75 34566.18750 34566.19792  3.000   15 0
2026 08 21 05.0 05.25 34566.20833 34566.21875  2.000    7 0
2026 08 21 05.5 05.75 34566.22917 34566.23958  1.667    6 0
2026 08 21 06.0 06.25 34566.25000 34566.26042  2.000    7 0
2026 08 21 06.5 06.75 34566.27083 34566.28125  1.333    5 0
2026 08 21 07.0 07.25 34566.29167 34566.30208  1.333    5 0
2026 08 21 07.5 07.75 34566.31250 34566.32292  1.333    5 0
2026 08 21 08.0 08.25 34566.33333 34566.34375  1.667    6 0
2026 08 21 08.5 08.75 34566.35417 34566.36458  1.667    6 0
2026 08 21 09.0 09.25 34566.37500 34566.38542  1.333    5 0
2026 08 21 09.5 09.75 34566.39583 34566.40625  1.000    4 0
2026 08 21 10.0 10.25 34566.41667 34566.42708  0.333    2 0
2026 08 21 10.5 10.75 34566.43750 34566.44792  0.667    3 0
2026 08 21 11.0 11.25 34566.45833 34566.46875  0.333    2 0
2026 08 21 11.5 11.75 34566.47917 34566.48958  0.667    3 0
2026 08 21 12.0 12.25 34566.50000 34566.51042  1.333    5 0
2026 08 21 12.5 12.75 34566.52083 34566.53125  2.667   12 0
2026 08 21 13.0 13.25 34566.54167 34566.55208  1.667    6 0
2026 08 21 13.5 13.75 34566.56250 34566.57292  2.333    9 0
2026 08 21 14.0 14.25 34566.58333 34566.59375  1.667    6 0
2026 08 21 14.5 14.75 34566.60417 34566.61458  1.000    4 0
2026 08 21 15.0 15.25 34566.62500 34566.63542  1.000    4 0
2026 08 21 15.5 15.75 34566.64583 34566.65625  0.667    3 0
2026 08 21 16.0 16.25 34566.66667 34566.67708  1.000    4 0
2026 08 21 16.5 16.75 34566.68750 34566.69792  1.000    4 0
2026 08 21 17.0 17.25 34566.70833 34566.71875  0.667    3 0
2026 08 21 17.5 17.75 34566.72917 34566.73958  1.333    5 0
2026 08 21 18.0 18.25 34566.75000 34566.76042  0.333    2 0
2026 08 21 18.5 18.75 34566.77083 34566.78125  1.000    4 0
2026 08 21 19.0 19.25 34566.79167 34566.80208  1.333    5 0
2026 08 21 19.5 19.75 34566.81250 34566.82292  1.333    5 0
2026 08 21 20.0 20.25 34566.83333 34566.84375  1.333    5 0
2026 08 21 20.5 20.75 34566.85417 34566.86458  1.333    5 0
2026 08 21 21.0 21.25 34566.87500 34566.88542  1.333    5 0
2026 08 21 21.5 21.75 34566.89583 34566.90625  2.000    7 0
2026 08 21 22.0 22.25 34566.91667 34566.92708  2.333    9 0
2026 08 21 22.5 22.75 34566.93750 34566.94792  2.000    7 0
2026 08 21 23.0 23.25 34566.95833 34566.96875  1.667    6 0
2026 08 21 23.5 23.75 34566.97917 34566.98958  2.000    7 0
2026 08 22 00.0 00.25 34567.00000 34567.01042  1.667    6 0
2026 08 22 00.5 00.75 34567.02083 34567.03125  0.667    3 0
2026 08 22 01.0 01.25 34567.04167 34567.05208  0.667    3 0
2026 08 22 01.5 01.75 34567.06250 34567.07292  0.667    3 0
2026 08 22 02.0 02.25 34567.08333 34567.09375  0.333    2 0
2026 08 22 02.5 02.75 34567.10417 34567.11458  1.000    4 0
2026 08 22 03.0 03.25 34567.12500 34567.13542  1.000    4 0
2026 08 22 03.5 03.75 34567.14583 34567.15625  0.000    0 0
2026 08 22 04.0 04.25 34567.16667 34567.17708  1.000    4 0
2026 08 22 04.5 04.75 34567.18750 34567.19792  0.667    3 0
2026 08 22 05.0 05.25 34567.20833 34567.21875  0.333    2 0
2026 08 22 05.5 05.75 34567.22917 34567.23958  0.000    0 0
2026 08 22 06.0 06.25 34567.25000 34567.26042  0.667    3 0
2026 08 22 06.5 06.75 34567.27083 34567.28125  0.333    2 0
2026 08 22 07.0 07.25 34567.29167 34567.30208  0.333    2 0
2026 08 22 07.5 07.75 34567.31250 34567.32292  0.333    2 0
2026 08 22 08.0 08.25 34567.33333 34567.34375  0.333    2 0
2026 08 22 08.5 08.75 34567.35417 34567.36458  0.333    2 0
2026 08 22 09.0 09.25 34567.37500 34567.38542  0.667    3 0
2026 08 22 09.5 09.75 34567.39583 34567.40625  1.000    4 0
2026 08 22 10.0 10.25 34567.41667 34567.42708  1.000    4 0
2026 08 22 10.5 10.75 34567.43750 34567.44792  1.667    6 0
2026 08 22 11.0 11.25 34567.45833 34567.46875  2.000    7 0
2026 08 22 11.5 11.75 34567.47917 34567.48958  1.333    5 0
2026 08 22 12.0 12.25 34567.50000 34567.51042  1.667    6 0
2026 08 22 12.5 12.75 34567.52083 34567.53125  1.000    4 0
2026 08 22 13.0 13.25 34567.54167 34567.55208  1.000    4 0
2026 08 22 13.5 13.75 34567.56250 34567.57292  1.000    4 0
2026 08 22 14.0 14.25 34567.58333 34567.59375  0.667    3 0
2026 08 22 14.5 14.75 34567.60417 34567.61458  0.333    2 0
2026 08 22 15.0 15.25 34567.62500 34567.63542  1.000    4 0
2026 08 22 15.5 15.75 34567.64583 34567.65625  1.333    5 0
2026 08 22 16.0 16.25 34567.66667 34567.67708  1.000    4 0
2026 08 22 16.5 16.75 34567.68750 34567.69792  1.333    5 0
2026 08 22 17.0 17.25 34567.70833 34567.71875  1.000    4 0
2026 08 22 17.5 17.75 34567.72917 34567.73958  1.000    4 0
2026 08 22 18.0 18.25 34567.75000 34567.76042  1.667    6 0
2026 08 22 18.5 18.75 34567.77083 34567.78125  1.667    6 0
2026 08 22 19.0 19.25 34567.79167 34567.80208  0.333    2 0
2026 08 22 19.5 19.75 34567.81250 34567.82292  0.333    2 0
2026 08 22 20.0 20.25 34567.83333 34567.84375  0.667    3 0
2026 08 22 20.5 20.75 34567.85417 34567.86458  1.333    5 0
2026 08 22 21.0 21.25 34567.87500 34567.88542  0.667    3 0
2026 08 22 21.5 21.75 34567.89583 34567.90625  0.667    3 0
2026 08 22 22.0 22.25 34567.91667 34567.92708  0.667    3 0
2026 08 22 22.5 22.75 34567.93750 34567.94792  1.000    4 0
2026 08 22 23.0 23.25 34567.95833 34567.96875  0.667    3 0
2026 08 22 23.5 23.75 34567.97917 34567.98958  0.333    2 0
2026 08 23 00.0 00.25 34568.00000 34568.01042  1.000    4 0
2026 08 23 00.5 00.75 34568.02083 34568.03125  0.667    3 0
2026 08 23 01.0 01.25 34568.04167 34568.05208  0.667    3 0
2026 08 23 01.5 01.75 34568.06250 34568.07292  0.667    3 0
2026 08 23 02.0 02.25 34568.08333 34568.09375  0.667    3 0
2026 08 23 02.5 02.75 34568.10417 34568.11458  1.000    4 0
2026 08 23 03.0 03.25 34568.12500 34568.13542  1.667    6 0
2026 08 23 03.5 03.75 34568.14583 34568.15625  2.000    7 0
2026 08 23 04.0 04.25 34568.16667 34568.17708  2.000    7 0
2026 08 23 04.5 04.75 34568.18750 34568.19792  1.333    5 0
2026 08 23 05.0 05.25 34568.20833 34568.21875  1.333    5 0
2026 08 23 05.5 05.75 34568.22917 34568.23958  1.667    6 0
2026 08 23 06.0 06.25 34568.25000 34568.26042  1.000    4 0
2026 08 23 06.5 06.75 34568.27083 34568.28125  1.667    6 0
2026 08 23 07.0 07.25 34568.29167 34568.30208  1.000    4 0
2026 08 23 07.5 07.75 34568.31250 34568.32292  1.333    5 0
2026 08 23 08.0 08.25 34568.33333 34568.34375  2.000    7 0
2026 08 23 08.5 08.75 34568.35417 34568.36458  2.000    7 0
2026 08 23 09.0 09.25 34568.37500 34568.38542  1.333    5 0
2026 08 23 09.5 09.75 34568.39583 34568.40625  1.667    6 0
2026 08 23 10.0 10.25 34568.41667 34568.42708  1.333    5 0
2026 08 23 10.5 10.75 34568.43750 34568.44792  1.333    5 0
2026 08 23 11.0 11.25 34568.45833 34568.46875  1.000    4 0
2026 08 23 11.5 11.75 34568.47917 34568.48958  1.333    5 0
2026 08 23 12.0 12.25 34568.50000 34568.51042  1.000    4 0
2026 08 23 12.5 12.75 34568.52083 34568.53125  1.667    6 0
2026 08 23 13.0 13.25 34568.54167 34568.55208  1.667    6 0
2026 08 23 13.5 13.75 34568.56250 34568.57292  1.333    5 0
2026 08 23 14.0 14.25 34568.58333 34568.59375  0.667    3 0
2026 08 23 14.5 14.75 34568.60417 34568.61458  0.667    3 0
2026 08 23 15.0 15.25 34568.62500 34568.63542  1.000    4 0
2026 08 23 15.5 15.75 34568.64583 34568.65625  0.667    3 0
2026 08 23 16.0 16.25 34568.66667 34568.67708  0.667    3 0
2026 08 23 16.5 16.75 34568.68750 34568.69792  1.000    4 0
2026 08 23 17.0 17.25 34568.70833 34568.71875  1.333    5 0
2026 08 23 17.5 17.75 34568.72917 34568.73958  1.000    4 0
2026 08 23 18.0 18.25 34568.75000 34568.76042  1.333    5 0
2026 08 23 18.5 18.75 34568.77083 34568.78125  1.000    4 0
2026 08 23 19.0 19.25 34568.79167 34568.80208  0.667    3 0
2026 08 23 19.5 19.75 34568.81250 34568.82292  1.667    6 0
2026 08 23 20.0 20.25 34568.83333 34568.84375  2.333    9 0
2026 08 23 20.5 20.75 34568.85417 34568.86458  1.000    4 0
2026 08 23 21.0 21.25 34568.87500 34568.88542  1.000    4 0
2026 08 23 21.5 21.75 34568.89583 34568.90625  1.000    4 0
2026 08 23 22.0 22.25 34568.91667 34568.92708  1.000    4 0
2026 08 23 22.5 22.75 34568.93750 34568.94792  1.333    5 0
2026 08 23 23.0 23.25 34568.95833 34568.96875  1.667    6 0
2026 08 23 23.5 23.75 34568.97917 34568.98958  2.667   12 0
2026 08 24 00.0 00.25 34569.00000 34569.01042  2.667   12 0
2026 08 24 00.5 00.75 34569.02083 34569.03125  1.667    6 0
2026 08 24 01.0 01.25 34569.04167 34569.05208  2.000    7 0
2026 08 24 01.5 01.75 34569.06250 34569.07292  2.000    7 0
2026 08 24 02.0 02.25 34569.08333 34569.09375  2.333    9 0
2026 08 24 02.5 02.75 34569.10417 34569.11458  1.333    5 0
2026 08 24 03.0 03.25 34569.12500 34569.13542  0.667    3 0
2026 08 24 03.5 03.75 34569.14583 34569.15625  0.667    3 0
2026 08 24 04.0 04.25 34569.16667 34569.17708  0.667    3 0
2026 08 24 04.5 04.75 34569.18750 34569.19792  2.000    7 0
2026 08 24 05.0 05.25 34569.20833 34569.21875  1.667    6 0
2026 08 24 05.5 05.75 34569.22917 34569.23958  1.000    4 0
2026 08 24 06.0 06.25 34569.25000 34569.26042  0.667    3 0
2026 08 24 06.5 06.75 34569.27083 34569.28125  0.333    2 0
2026 08 24 07.0 07.25 34569.29167 34569.30208  0.667    3 0
2026 08 24 07.5 07.75 34569.31250 34569.32292  1.000    4 0
2026 08 24 08.0 08.25 34569.33333 34569.34375  0.333    2 0
2026 08 24 08.5 08.75 34569.35417 34569.36458  0.667    3 0
2026 08 24 09.0 09.25 34569.37500 34569.38542  0.667    3 0
2026 08 24 09.5 09.75 34569.39583 34569.40625  1.333    5 0
2026 08 24 10.0 10.25 34569.41667 34569.42708  1.000    4 0
2026 08 24 10.5 10.75 34569.43750 34569.44792  1.000    4 0
2026 08 24 11.0 11.25 34569.45833 34569.46875  1.333    5 0
2026 08 24 11.5 11.75 34569.47917 34569.48958  1.000    4 0
2026 08 24 12.0 12.25 34569.50000 34569.51042  0.333    2 0
2026 08 24 12.5 12.75 34569.52083 34569.53125  0.333    2 0
2026 08 24 13.0 13.25 34569.54167 34569.55208  0.333    2 0
2026 08 24 13.5 13.75 34569.56250 34569.57292  0.000    0 0
2026 08 24 14.0 14.25 34569.58333 34569.59375  0.000    0 0
2026 08 24 14.5 14.75 34569.60417 34569.61458  0.333    2 0
2026 08 24 15.0 15.25 34569.62500 34569.63542  0.333    2 0
2026 08 24 15.5 15.75 34569.64583 34569.65625  0.000    0 0
2026 08 24 16.0 16.25 34569.66667 34569.67708  0.000    0 0
2026 08 24 16.5 16.75 34569.68750 34569.69792  0.000    0 0
2026 08 24 17.0 17.25 34569.70833 34569.71875  0.333    2 0
2026 08 24 17.5 17.75 34569.72917 34569.73958  0.667    3 0
2026 08 24 18.0 18.25 34569.75000 34569.76042  0.667    3 0
2026 08 24 18.5 18.75 34569.77083 34569.78125  1.000    4 0
2026 08 24 19.0 19.25 34569.79167 34569.80208  0.667    3 0
2026 08 24 19.5 19.75 34569.81250 34569.82292  1.333    5 0
2026 08 24 20.0 20.25 34569.83333 34569.84375  1.667    6 0
2026 08 24 20.5 20.75 34569.85417 34569.86458  1.667    6 0
2026 08 24 21.0 21.25 34569.87500 34569.88542  0.667    3 0
2026 08 24 21.5 21.75 34569.89583 34569.90625  1.667    6 0
2026 08 24 22.0 22.25 34569.91667 34569.92708  2.667   12 0
2026 08 24 22.5 22.75 34569.93750 34569.94792  3.000   15 0
2026 08 24 23.0 23.25 34569.95833 34569.96875  3.667   22 0
2026 08 24 23.5 23.75 34569.97917 34569.98958  3.333   18 0
2026 08 25 00.0 00.25 34570.00000 34570.01042  2.333    9 0
2026 08 25 00.5 00.75 34570.02083 34570.03125  1.667    6 0
2026 08 25 01.0 01.25 34570.04167 34570.05208  0.667    3 0
2026 08 25 01.5 01.75 34570.06250 34570.07292  0.667    3 0
2026 08 25 02.0 02.25 34570.08333 34570.09375  0.333    2 0
2026 08 25 02.5 02.75 34570.10417 34570.11458  0.333    2 0
2026 08 25 03.0 03.25 34570.12500 34570.13542  0.667    3 0
2026 08 25 03.5 03.75 34570.14583 34570.15625  0.333    2 0
2026 08 25 04.0 04.25 34570.16667 34570.17708  0.333    2 0
2026 08 25 04.5 04.75 34570.18750 34570.19792  0.333    2 0
2026 08 25 05.0 05.25 34570.20833 34570.21875  0.667    3 0
2026 08 25 05.5 05.75 34570.22917 34570.23958  0.667    3 0
2026 08 25 06.0 06.25 34570.25000 34570.26042  0.333    2 0
2026 08 25 06.5 06.75 34570.27083 34570.28125  0.667    3 0
2026 08 25 07.0 07.25 34570.29167 34570.30208  1.667    6 0
2026 08 25 07.5 07.75 34570.31250 34570.32292  1.333    5 0
2026 08 25 08.0 08.25 34570.33333 34570.34375  0.333    2 0
2026 08 25 08.5 08.75 34570.35417 34570.36458  0.333    2 0
2026 08 25 09.0 09.25 34570.37500 34570.38542  0.333    2 0
2026 08 25 09.5 09.75 34570.39583 34570.40625  0.333    2 0
2026 08 25 10.0 10.25 34570.41667 34570.42708  0.667    3 0
2026 08 25 10.5 10.75 34570.43750 34570.44792  1.000    4 0
2026 08 25 11.0 11.25 34570.45833 34570.46875  0.667    3 0
2026 08 25 11.5 11.75 34570.47917 34570.48958  0.333    2 0
2026 08 25 12.0 12.25 34570.50000 34570.51042  0.000    0 0
2026 08 25 12.5 12.75 34570.52083 34570.53125  0.333    2 0
2026 08 25 13.0 13.25 34570.54167 34570.55208  0.333    2 0
2026 08 25 13.5 13.75 34570.56250 34570.57292  0.333    2 0
2026 08 25 14.0 14.25 34570.58333 34570.59375  1.333    5 0
2026 08 25 14.5 14.75 34570.60417 34570.61458  0.333    2 0
2026 08 25 15.0 15.25 34570.62500 34570.63542  0.333    2 0
2026 08 25 15.5 15.75 34570.64583 34570.65625  1.000    4 0
2026 08 25 16.0 16.25 34570.66667 34570.67708  1.000    4 0
2026 08 25 16.5 16.75 34570.68750 34570.69792  1.000    4 0
2026 08 25 17.0 17.25 34570.70833 34570.71875  0.667    3 0
2026 08 25 17.5 17.75 34570.72917 34570.73958  0.333    2 0
2026 08 25 18.0 18.25 34570.75000 34570.76042  0.333    2 0
2026 08 25 18.5 18.75 34570.77083 34570.78125  0.333    2 0
2026 08 25 19.0 19.25 34570.79167 34570.80208  0.667    3 0
2026 08 25 19.5 19.75 34570.81250 34570.82292  0.333    2 0
2026 08 25 20.0 20.25 34570.83333 34570.84375  0.000    0 0
2026 08 25 20.5 20.75 34570.85417 34570.86458  0.000    0 0
2026 08 25 21.0 21.25 34570.87500 34570.88542  0.333    2 0
2026 08 25 21.5 21.75 34570.89583 34570.90625  0.000    0 0
2026 08 25 22.0 22.25 34570.91667 34570.92708  0.333    2 0
2026 08 25 22.5 22.75 34570.93750 34570.94792  0.333    2 0
2026 08 25 23.0 23.25 34570.95833 34570.96875  0.000    0 0
2026 08 25 23.5 23.75 34570.97917 34570.98958  0.333    2 0
2026 08 26 00.0 00.25 34571.00000 34571.01042  0.333    2 0
2026 08 26 00.5 00.75 34571.02083 34571.03125  0.000    0 0
2026 08 26 01.0 01.25 34571.04167 34571.05208  0.000    0 0
2026 08 26 01.5 01.75 34571.06250 34571.07292  0.000    0 0
2026 08 26 02.0 02.25 34571.08333 34571.09375  0.000    0 0
2026 08 26 02.5 02.75 34571.10417 34571.11458  0.000    0 0
2026 08 26 03.0 03.25 34571.12500 34571.13542  0.333    2 0
2026 08 26 03.5 03.75 34571.14583 34571.15625  1.000    4 0
2026 08 26 04.0 04.25 34571.16667 34571.17708  0.333    2 0
2026 08 26 04.5 04.75 34571.18750 34571.19792  0.333    2 0
2026 08 26 05.0 05.25 34571.20833 34571.21875  0.333    2 0
2026 08 26 05.5 05.75 34571.22917 34571.23958  0.000    0 0
2026 08 26 06.0 06.25 34571.25000 34571.26042  0.000    0 0
2026 08 26 06.5 06.75 34571.27083 34571.28125  1.000    4 0
2026 08 26 07.0 07.25 34571.29167 34571.30208  0.667    3 0
2026 08 26 07.5 07.75 34571.31250 34571.32292  0.333    2 0
2026 08 26 08.0 08.25 34571.33333 34571.34375  0.333    2 0
2026 08 26 08.5 08.75 34571.35417 34571.36458  0.333    2 0
2026 08 26 09.0 09.25 34571.37500 34571.38542  0.333    2 0
2026 08 26 09.5 09.75 34571.39583 34571.40625  0.333    2 0
2026 08 26 10.0 10.25 34571.41667 34571.42708  0.667    3 0
2026 08 26 10.5 10.75 34571.43750 34571.44792  0.667    3 0
2026 08 26 11.0 11.25 34571.45833 34571.46875  0.333    2 0
2026 08 26 11.5 11.75 34571.47917 34571.48958  0.333    2 0
2026 08 26 12.0 12.25 34571.50000 34571.51042  0.333    2 0
2026 08 26 12.5 12.75 34571.52083 34571.53125  0.000    0 0
2026 08 26 13.0 13.25 34571.54167 34571.55208  0.333    2 0
2026 08 26 13.5 13.75 34571.56250 34571.57292  0.667    3 0
2026 08 26 14.0 14.25 34571.58333 34571.59375  0.333    2 0
2026 08 26 14.5 14.75 34571.60417 34571.61458  0.333    2 0
2026 08 26 15.0 15.25 34571.62500 34571.63542  0.333    2 0
2026 08 26 15.5 15.75 34571.64583 34571.65625  0.333    2 0
2026 08 26 16.0 16.25 34571.66667 34571.67708  0.333    2 0
2026 08 26 16.5 16.75 34571.68750 34571.69792  0.333    2 0
2026 08 26 17.0 17.25 34571.70833 34571.71875  0.000    0 0
2026 08 26 17.5 17.75 34571.72917 34571.73958  0.333    2 0
2026 08 26 18.0 18.25 34571.75000 34571.76042  0.333    2 0
2026 08 26 18.5 18.75 34571.77083 34571.78125  0.000    0 0
2026 08 26 19.0 19.25 34571.79167 34571.80208  0.000    0 0
2026 08 26 19.5 19.75 34571.81250 34571.82292  0.000    0 0
2026 08 26 20.0 20.25 34571.83333 34571.84375  0.333    2 0
2026 08 26 20.5 20.75 34571.85417 34571.86458  0.333    2 0
2026 08 26 21.0 21.25 34571.87500 34571.88542  0.333    2 0
2026 08 26 21.5 21.75 34571.89583 34571.90625  0.667    3 0
2026 08 26 22.0 22.25 34571.91667 34571.92708  0.333    2 0
2026 08 26 22.5 22.75 34571.93750 34571.94792  0.667    3 0
2026 08 26 23.0 23.25 34571.95833 34571.96875  0.667    3 0
2026 08 26 23.5 23.75 34571.97917 34571.98958  1.333    5 0
2026 08 27 00.0 00.25 34572.00000 34572.01042  1.000    4 0
2026 08 27 00.5 00.75 34572.02083 34572.03125  1.000    4 0
2026 08 27 01.0 01.25 34572.04167 34572.05208  2.000    7 0
2026 08 27 01.5 01.75 34572.06250 34572.07292  1.667    6 0
2026 08 27 02.0 02.25 34572.08333 34572.09375  0.667    3 0
2026 08 27 02.5 02.75 34572.10417 34572.11458  0.333    2 0
2026 08 27 03.0 03.25 34572.12500 34572.13542  0.333    2 0
2026 08 27 03.5 03.75 34572.14583 34572.15625  0.000    0 0
2026 08 27 04.0 04.25 34572.16667 34572.17708  0.000    0 0
2026 08 27 04.5 04.75 34572.18750 34572.19792  0.333    2 0
2026 08 27 05.0 05.25 34572.20833 34572.21875  0.333    2 0
2026 08 27 05.5 05.75 34572.22917 34572.23958  0.333    2 0
2026 08 27 06.0 06.25 34572.25000 34572.26042  0.333    2 0
2026 08 27 06.5 06.75 34572.27083 34572.28125  0.000    0 0
2026 08 27 07.0 07.25 34572.29167 34572.30208  0.000    0 0
2026 08 27 07.5 07.75 34572.31250 34572.32292  0.333    2 0
2026 08 27 08.0 08.25 34572.33333 34572.34375  0.333    2 0
2026 08 27 08.5 08.75 34572.35417 34572.36458  0.333    2 0
2026 08 27 09.0 09.25 34572.37500 34572.38542  0.333    2 0
2026 08 27 09.5 09.75 34572.39583 34572.40625  0.333    2 0
2026 08 27 10.0 10.25 34572.41667 34572.42708  0.000    0 0
2026 08 27 10.5 10.75 34572.43750 34572.44792  0.333    2 0
2026 08 27 11.0 11.25 34572.45833 34572.46875  0.000    0 0
2026 08 27 11.5 11.75 34572.47917 34572.48958  0.333    2 0
2026 08 27 12.0 12.25 34572.50000 34572.51042  0.000    0 0
2026 08 27 12.5 12.75 34572.52083 34572.53125  0.333    2 0
2026 08 27 13.0 13.25 34572.54167 34572.55208  0.333    2 0
2026 08 27 13.5 13.75 34572.56250 34572.57292  0.000    0 0
2026 08 27 14.0 14.25 34572.58333 34572.59375  0.000    0 0
2026 08 27 14.5 14.75 34572.60417 34572.61458  0.000    0 0
2026 08 27 15.0 15.25 34572.62500 34572.63542  0.333    2 0
2026 08 27 15.5 15.75 34572.64583 34572.65625  0.000    0 0
2026 08 27 16.0 16.25 34572.66667 34572.67708  0.000    0 0
2026 08 27 16.5 16.75 34572.68750 34572.69792  0.000    0 0
2026 08 27 17.0 17.25 34572.70833 34572.71875  0.333    2 0
2026 08 27 17.5 17.75 34572.72917 34572.73958  0.333    2 0
2026 08 27 18.0 18.25 34572.75000 34572.76042  0.000    0 0
2026 08 27 18.5 18.75 34572.77083 34572.78125  0.333    2 0
2026 08 27 19.0 19.25 34572.79167 34572.80208  0.333    2 0
2026 08 27 19.5 19.75 34572.81250 34572.82292  0.333    2 0
2026 08 27 20.0 20.25 34572.83333 34572.84375  0.000    0 0
2026 08 27 20.5 20.75 34572.85417 34572.86458  0.333    2 0
2026 08 27 21.0 21.25 34572.87500 34572.88542  0.000    0 0
2026 08 27 21.5 21.75 34572.89583 34572.90625  0.667    3 0
2026 08 27 22.0 22.25 34572.91667 34572.92708  0.667    3 0
2026 08 27 22.5 22.75 34572.93750 34572.94792  0.667    3 0
2026 08 27 23.0 23.25 34572.95833 34572.96875  1.667    6 0
2026 08 27 23.5 23.75 34572.97917 34572.98958  1.667    6 0
2026 08 28 00.0 00.25 34573.00000 34573.01042  2.000    7 0
2026 08 28 00.5 00.75 34573.02083 34573.03125  1.333    5 0
2026 08 28 01.0 01.25 34573.04167 34573.05208  1.000    4 0
2026 08 28 01.5 01.75 34573.06250 34573.07292  1.000    4 0
2026 08 28 02.0 02.25 34573.08333 34573.09375  0.333    2 0
2026 08 28 02.5 02.75 34573.10417 34573.11458  0.333    2 0
2026 08 28 03.0 03.25 34573.12500 34573.13542  0.333    2 0
2026 08 28 03.5 03.75 34573.14583 34573.15625  0.333    2 0
2026 08 28 04.0 04.25 34573.16667 34573.17708  0.333    2 0
2026 08 28 04.5 04.75 34573.18750 34573.19792  0.333    2 0
2026 08 28 05.0 05.25 34573.20833 34573.21875  0.000    0 0
2026 08 28 05.5 05.75 34573.22917 34573.23958  0.000    0 0
2026 08 28 06.0 06.25 34573.25000 34573.26042  0.000    0 0
2026 08 28 06.5 06.75 34573.27083 34573.28125  0.667    3 0
2026 08 28 07.0 07.25 34573.29167 34573.30208  0.333    2 0
2026 08 28 07.5 07.75 34573.31250 34573.32292  1.333    5 0
2026 08 28 08.0 08.25 34573.33333 34573.34375  1.333    5 0
2026 08 28 08.5 08.75 34573.35417 34573.36458  1.000    4 0
2026 08 28 09.0 09.25 34573.37500 34573.38542  1.000    4 0
2026 08 28 09.5 09.75 34573.39583 34573.40625  1.000    4 0
2026 08 28 10.0 10.25 34573.41667 34573.42708  1.667    6 0
2026 08 28 10.5 10.75 34573.43750 34573.44792  1.333    5 0
2026 08 28 11.0 11.25 34573.45833 34573.46875  1.333    5 0
2026 08 28 11.5 11.75 34573.47917 34573.48958  1.000    4 0
2026 08 28 12.0 12.25 34573.50000 34573.51042  1.000    4 0
2026 08 28 12.5 12.75 34573.52083 34573.53125  1.667    6 0
2026 08 28 13.0 13.25 34573.54167 34573.55208  2.333    9 0
2026 08 28 13.5 13.75 34573.56250 34573.57292  3.667   22 0
2026 08 28 14.0 14.25 34573.58333 34573.59375  3.333   18 0
2026 08 28 14.5 14.75 34573.60417 34573.61458  4.667   39 0
2026 08 28 15.0 15.25 34573.62500 34573.63542  3.667   22 0
2026 08 28 15.5 15.75 34573.64583 34573.65625  3.333   18 0
2026 08 28 16.0 16.25 34573.66667 34573.67708  3.667   22 0
2026 08 28 16.5 16.75 34573.68750 34573.69792  3.333   18 0
2026 08 28 17.0 17.25 34573.70833 34573.71875  3.000   15 0
2026 08 28 17.5 17.75 34573.72917 34573.73958  2.000    7 0
2026 08 28 18.0 18.25 34573.75000 34573.76042  2.667   12 0
2026 08 28 18.5 18.75 34573.77083 34573.78125  4.333   32 0
2026 08 28 19.0 19.25 34573.79167 34573.80208  4.333   32 0
2026 08 28 19.5 19.75 34573.81250 34573.82292  3.667   22 0
2026 08 28 20.0 20.25 34573.83333 34573.84375  4.667   39 0
2026 08 28 20.5 20.75 34573.85417 34573.86458  4.000   27 0
2026 08 28 21.0 21.25 34573.87500 34573.88542  3.000   15 0
2026 08 28 21.5 21.75 34573.89583 34573.90625  3.667   22 0
2026 08 28 22.0 22.25 34573.91667 34573.92708  4.000   27 0
2026 08 28 22.5 22.75 34573.93750 34573.94792  5.000   48 0
2026 08 28 23.0 23.25 34573.95833 34573.96875  4.667   39 0
2026 08 28 23.5 23.75 34573.97917 34573.98958  4.000   27 0
2026 08 29 00.0 00.25 34574.00000 34574.01042  3.333   18 0
2026 08 29 00.5 00.75 34574.02083 34574.03125  4.000   27 0
2026 08 29 01.0 01.25 34574.04167 34574.05208  4.667   39 0
2026 08 29 01.5 01.75 34574.06250 34574.07292  4.333   32 0
2026 08 29 02.0 02.25 34574.08333 34574.09375  5.333   56 0
2026 08 29 02.5 02.75 34574.10417 34574.11458  4.000   27 0
2026 08 29 03.0 03.25 34574.12500 34574.13542  3.667   22 0
2026 08 29 03.5 03.75 34574.14583 34574.15625  3.667   22 0
2026 08 29 04.0 04.25 34574.16667 34574.17708  3.333   18 0
2026 08 29 04.5 04.75 34574.18750 34574.19792  3.333   18 0
2026 08 29 05.0 05.25 34574.20833 34574.21875  3.000   15 0
2026 08 29 05.5 05.75 34574.22917 34574.23958  3.333   18 0
2026 08 29 06.0 06.25 34574.25000 34574.26042  4.000   27 0
2026 08 29 06.5 06.75 34574.27083 34574.28125  4.333   32 0
2026 08 29 07.0 07.25 34574.29167 34574.30208  4.000   27 0
2026 08 29 07.5 07.75 34574.31250 34574.32292  3.667   22 0
2026 08 29 08.0 08.25 34574.33333 34574.34375  3.000   15 0
2026 08 29 08.5 08.75 34574.35417 34574.36458  3.333   18 0
2026 08 29 09.0 09.25 34574.37500 34574.38542  3.000   15 0
2026 08 29 09.5 09.75 34574.39583 34574.40625  2.667   12 0
2026 08 29 10.0 10.25 34574.41667 34574.42708  3.000   15 0
2026 08 29 10.5 10.75 34574.43750 34574.44792  3.000   15 0
2026 08 29 11.0 11.25 34574.45833 34574.46875  3.333   18 0
2026 08 29 11.5 11.75 34574.47917 34574.48958  3.000   15 0
2026 08 29 12.0 12.25 34574.50000 34574.51042  2.333    9 0
2026 08 29 12.5 12.75 34574.52083 34574.53125  2.667   12 0
2026 08 29 13.0 13.25 34574.54167 34574.55208  2.000    7 0
2026 08 29 13.5 13.75 34574.56250 34574.57292  2.000    7 0
2026 08 29 14.0 14.25 34574.58333 34574.59375  3.000   15 0
2026 08 29 14.5 14.75 34574.60417 34574.61458  2.667   12 0
2026 08 29 15.0 15.25 34574.62500 34574.63542  2.333    9 0
2026 08 29 15.5 15.75 34574.64583 34574.65625  2.000    7 0
2026 08 29 16.0 16.25 34574.66667 34574.67708  2.333    9 0
2026 08 29 16.5 16.75 34574.68750 34574.69792  2.333    9 0
2026 08 29 17.0 17.25 34574.70833 34574.71875  2.000    7 0
2026 08 29 17.5 17.75 34574.72917 34574.73958  3.000   15 0
2026 08 29 18.0 18.25 34574.75000 34574.76042  3.667   22 0
2026 08 29 18.5 18.75 34574.77083 34574.78125  4.333   32 0
2026 08 29 19.0 19.25 34574.79167 34574.80208  4.667   39 0
2026 08 29 19.5 19.75 34574.81250 34574.82292  4.333   32 0
2026 08 29 20.0 20.25 34574.83333 34574.84375  3.000   15 0
2026 08 29 20.5 20.75 34574.85417 34574.86458  2.333    9 0
2026 08 29 21.0 21.25 34574.87500 34574.88542  2.333    9 0
2026 08 29 21.5 21.75 34574.89583 34574.90625  2.667   12 0
2026 08 29 22.0 22.25 34574.91667 34574.92708  1.333    5 0
2026 08 29 22.5 22.75 34574.93750 34574.94792  2.000    7 0
2026 08 29 23.0 23.25 34574.95833 34574.96875  2.333    9 0
2026 08 29 23.5 23.75 34574.97917 34574.98958  2.667   12 0
2026 08 30 00.0 00.25 34575.00000 34575.01042  3.000   15 0
2026 08 30 00.5 00.75 34575.02083 34575.03125  3.333   18 0
2026 08 30 01.0 01.25 34575.04167 34575.05208  4.667   39 0
2026 08 30 01.5 01.75 34575.06250 34575.07292  4.000   27 0
2026 08 30 02.0 02.25 34575.08333 34575.09375  3.333   18 0
2026 08 30 02.5 02.75 34575.10417 34575.11458  3.000   15 0
2026 08 30 03.0 03.25 34575.12500 34575.13542  3.000   15 0
2026 08 30 03.5 03.75 34575.14583 34575.15625  3.000   15 0
2026 08 30 04.0 04.25 34575.16667 34575.17708  3.667   22 0
2026 08 30 04.5 04.75 34575.18750 34575.19792  4.000   27 0
2026 08 30 05.0 05.25 34575.20833 34575.21875  4.000   27 0
2026 08 30 05.5 05.75 34575.22917 34575.23958  4.000   27 0
2026 08 30 06.0 06.25 34575.25000 34575.26042  3.333   18 0
2026 08 30 06.5 06.75 34575.27083 34575.28125  3.333   18 0
2026 08 30 07.0 07.25 34575.29167 34575.30208  3.000   15 0
2026 08 30 07.5 07.75 34575.31250 34575.32292  3.667   22 0
2026 08 30 08.0 08.25 34575.33333 34575.34375  3.000   15 0
2026 08 30 08.5 08.75 34575.35417 34575.36458  3.333   18 0
2026 08 30 09.0 09.25 34575.37500 34575.38542  4.333   32 0
2026 08 30 09.5 09.75 34575.39583 34575.40625  4.667   39 0
2026 08 30 10.0 10.25 34575.41667 34575.42708  3.333   18 0
2026 08 30 10.5 10.75 34575.43750 34575.44792  2.667   12 0
2026 08 30 11.0 11.25 34575.45833 34575.46875  2.333    9 0
2026 08 30 11.5 11.75 34575.47917 34575.48958  1.667    6 0
2026 08 30 12.0 12.25 34575.50000 34575.51042  1.667    6 0
2026 08 30 12.5 12.75 34575.52083 34575.53125  2.333    9 0
2026 08 30 13.0 13.25 34575.54167 34575.55208  1.667    6 0
2026 08 30 13.5 13.75 34575.56250 34575.57292  2.000    7 0
2026 08 30 14.0 14.25 34575.58333 34575.59375  1.667    6 0
2026 08 30 14.5 14.75 34575.60417 34575.61458  2.333    9 0
2026 08 30 15.0 15.25 34575.62500 34575.63542  2.000    7 0
2026 08 30 15.5 15.75 34575.64583 34575.65625  1.667    6 0
2026 08 30 16.0 16.25 34575.66667 34575.67708  3.333   18 0
2026 08 30 16.5 16.75 34575.68750 34575.69792  3.000   15 0
2026 08 30 17.0 17.25 34575.70833 34575.71875  2.000    7 0
2026 08 30 17.5 17.75 34575.72917 34575.73958  1.000    4 0
2026 08 30 18.0 18.25 34575.75000 34575.76042  2.000    7 0
2026 08 30 18.5 18.75 34575.77083 34575.78125  1.667    6 0
2026 08 30 19.0 19.25 34575.79167 34575.80208  1.667    6 0
2026 08 30 19.5 19.75 34575.81250 34575.82292  2.333    9 0
2026 08 30 20.0 20.25 34575.83333 34575.84375  2.333    9 0
2026 08 30 20.5 20.75 34575.85417 34575.86458  3.667   22 0
2026 08 30 21.0 21.25 34575.87500 34575.88542  3.667   22 0
2026 08 30 21.5 21.75 34575.89583 34575.90625  2.000    7 0
2026 08 30 22.0 22.25 34575.91667 34575.92708  2.000    7 0
2026 08 30 22.5 22.75 34575.93750 34575.94792  2.000    7 0
2026 08 30 23.0 23.25 34575.95833 34575.96875  2.000    7 0
2026 08 30 23.5 23.75 34575.97917 34575.98958  2.333    9 0
2026 08 31 00.0 00.25 34576.00000 34576.01042  2.667   12 0
2026 08 31 00.5 00.75 34576.02083 34576.03125  2.333    9 0
2026 08 31 01.0 01.25 34576.04167 34576.05208  2.333    9 0
2026 08 31 01.5 01.75 34576.06250 34576.07292  3.000   15 0
2026 08 31 02.0 02.25 34576.08333 34576.09375  4.333   32 0
2026 08 31 02.5 02.75 34576.10417 34576.11458  3.333   18 0
2026 08 31 03.0 03.25 34576.12500 34576.13542  3.333   18 0
2026 08 31 03.5 03.75 34576.14583 34576.15625  3.333   18 0
2026 08 31 04.0 04.25 34576.16667 34576.17708  4.000   27 0
2026 08 31 04.5 04.75 34576.18750 34576.19792  3.000   15 0
2026 08 31 05.0 05.25 34576.20833 34576.21875  3.000   15 0
2026 08 31 05.5 05.75 34576.22917 34576.23958  3.000   15 0
2026 08 31 06.0 06.25 34576.25000 34576.26042  1.667    6 0
2026 08 31 06.5 06.75 34576.27083 34576.28125  2.000    7 0
2026 08 31 07.0 07.25 34576.29167 34576.30208  2.000    7 0
2026 08 31 07.5 07.75 34576.31250 34576.32292  2.000    7 0
2026 08 31 08.0 08.25 34576.33333 34576.34375  2.667   12 0
2026 08 31 08.5 08.75 34576.35417 34576.36458  4.000   27 0
2026 08 31 09.0 09.25 34576.37500 34576.38542  4.333   32 0
2026 08 31 09.5 09.75 34576.39583 34576.40625  4.000   27 0
2026 08 31 10.0 10.25 34576.41667 34576.42708  3.000   15 0
2026 08 31 10.5 10.75 34576.43750 34576.44792  2.333    9 0
2026 08 31 11.0 11.25 34576.45833 34576.46875  2.000    7 0
2026 08 31 11.5 11.75 34576.47917 34576.48958  1.667    6 0
2026 08 31 12.0 12.25 34576.50000 34576.51042  1.333    5 0
2026 08 31 12.5 12.75 34576.52083 34576.53125  2.667   12 0
2026 08 31 13.0 13.25 34576.54167 34576.55208  2.333    9 0
2026 08 31 13.5 13.75 34576.56250 34576.57292  1.667    6 0
2026 08 31 14.0 14.25 34576.58333 34576.59375  1.667    6 0
2026 08 31 14.5 14.75 34576.60417 34576.61458  2.667   12 0
2026 08 31 15.0 15.25 34576.62500 34576.63542  1.333    5 0
2026 08 31 15.5 15.75 34576.64583 34576.65625  2.000    7 0
2026 08 31 16.0 16.25 34576.66667 34576.67708  1.667    6 0
2026 08 31 16.5 16.75 34576.68750 34576.69792  1.000    4 0
2026 08 31 17.0 17.25 34576.70833 34576.71875  1.000    4 0
2026 08 31 17.5 17.75 34576.72917 34576.73958  1.333    5 0
2026 08 31 18.0 18.25 34576.75000 34576.76042  2.000    7 0
2026 08 31 18.5 18.75 34576.77083 34576.78125  1.667    6 0
2026 08 31 19.0 19.25 34576.79167 34576.80208  1.000    4 0
2026 08 31 19.5 19.75 34576.81250 34576.82292  1.333    5 0
2026 08 31 20.0 20.25 34576.83333 34576.84375  1.333    5 0
2026 08 31 20.5 20.75 34576.85417 34576.86458  0.667    3 0
2026 08 31 21.0 21.25 34576.87500 34576.88542  0.667    3 0
2026 08 31 21.5 21.75 34576.89583 34576.90625  1.000    4 0
2026 08 31 22.0 22.25 34576.91667 34576.92708  1.000    4 0
2026 08 31 22.5 22.75 34576.93750 34576.94792  1.333    5 0
2026 08 31 23.0 23.25 34576.95833 34576.96875  0.333    2 0
2026 08 31 23.5 23.75 34576.97917 34576.98958  0.333    2 0
2026 09 01 00.0 00.25 34577.00000 34577.01042  0.667    3 0
2026 09 01 00.5 00.75 34577.02083 34577.03125  1.333    5 0
2026 09 01 01.0 01.25 34577.04167 34577.05208  1.000    4 0
2026 09 01 01.5 01.75 34577.06250 34577.07292  0.667    3 0
2026 09 01 02.0 02.25 34577.08333 34577.09375  0.667    3 0
2026 09 01 02.5 02.75 34577.10417 34577.11458  1.000    4 0
2026 09 01 03.0 03.25 34577.12500 34577.13542  1.000    4 0
2026 09 01 03.5 03.75 34577.14583 34577.15625  1.000    4 0
2026 09 01 04.0 04.25 34577.16667 34577.17708  1.667    6 0
2026 09 01 04.5 04.75 34577.18750 34577.19792  1.667    6 0
2026 09 01 05.0 05.25 34577.20833 34577.21875  1.333    5 0
2026 09 01 05.5 05.75 34577.22917 34577.23958  2.000    7 0
2026 09 01 06.0 06.25 34577.25000 34577.26042  2.333    9 0
2026 09 01 06.5 06.75 34577.27083 34577.28125  1.667    6 0
2026 09 01 07.0 07.25 34577.29167 34577.30208  1.000    4 0
2026 09 01 07.5 07.75 34577.31250 34577.32292  1.000    4 0
2026 09 01 08.0 08.25 34577.33333 34577.34375  1.333    5 0
2026 09 01 08.5 08.75 34577.35417 34577.36458  1.667    6 0
2026 09 01 09.0 09.25 34577.37500 34577.38542  1.333    5 0
2026 09 01 09.5 09.75 34577.39583 34577.40625  2.667   12 0
2026 09 01 10.0 10.25 34577.41667 34577.42708  2.333    9 0
2026 09 01 10.5 10.75 34577.43750 34577.44792  2.000    7 0
2026 09 01 11.0 11.25 34577.45833 34577.46875  2.333    9 0
2026 09 01 11.5 11.75 34577.47917 34577.48958  2.333    9 0
2026 09 01 12.0 12.25 34577.50000 34577.51042  1.667    6 0
2026 09 01 12.5 12.75 34577.52083 34577.53125  1.667    6 0
2026 09 01 13.0 13.25 34577.54167 34577.55208  1.333    5 0
2026 09 01 13.5 13.75 34577.56250 34577.57292  2.000    7 0
2026 09 01 14.0 14.25 34577.58333 34577.59375  1.667    6 0
2026 09 01 14.5 14.75 34577.60417 34577.61458  1.333    5 0
2026 09 01 15.0 15.25 34577.62500 34577.63542  1.333    5 0
2026 09 01 15.5 15.75 34577.64583 34577.65625  2.000    7 0
2026 09 01 16.0 16.25 34577.66667 34577.67708  1.333    5 0
2026 09 01 16.5 16.75 34577.68750 34577.69792  1.333    5 0
2026 09 01 17.0 17.25 34577.70833 34577.71875  1.667    6 0
2026 09 01 17.5 17.75 34577.72917 34577.73958  1.333    5 0
2026 09 01 18.0 18.25 34577.75000 34577.76042  2.333    9 0
2026 09 01 18.5 18.75 34577.77083 34577.78125  2.667   12 0
2026 09 01 19.0 19.25 34577.79167 34577.80208  2.333    9 0
2026 09 01 19.5 19.75 34577.81250 34577.82292  1.333    5 0
2026 09 01 20.0 20.25 34577.83333 34577.84375  0.667    3 0
2026 09 01 20.5 20.75 34577.85417 34577.86458  0.667    3 0
2026 09 01 21.0 21.25 34577.87500 34577.88542  1.000    4 0
2026 09 01 21.5 21.75 34577.89583 34577.90625  0.333    2 0
2026 09 01 22.0 22.25 34577.91667 34577.92708  1.000    4 0
2026 09 01 22.5 22.75 34577.93750 34577.94792  1.667    6 0
2026 09 01 23.0 23.25 34577.95833 34577.96875  2.667   12 0
2026 09 01 23.5 23.75 34577.97917 34577.98958  1.667    6 0
2026 09 02 00.0 00.25 34578.00000 34578.01042  1.000    4 0
2026 09 02 00.5 00.75 34578.02083 34578.03125  1.000    4 0
2026 09 02 01.0 01.25 34578.04167 34578.05208  1.000    4 0
2026 09 02 01.5 01.75 34578.06250 34578.07292  0.667    3 0
2026 09 02 02.0 02.25 34578.08333 34578.09375  0.667    3 0
2026 09 02 02.5 02.75 34578.10417 34578.11458  1.000    4 0
2026 09 02 03.0 03.25 34578.12500 34578.13542  1.000    4 0
2026 09 02 03.5 03.75 34578.14583 34578.15625  1.000    4 0
2026 09 02 04.0 04.25 34578.16667 34578.17708  1.000    4 0
2026 09 02 04.5 04.75 34578.18750 34578.19792  0.667    3 0
2026 09 02 05.0 05.25 34578.20833 34578.21875  1.333    5 0
2026 09 02 05.5 05.75 34578.22917 34578.23958  1.333    5 0
2026 09 02 06.0 06.25 34578.25000 34578.26042  1.333    5 0
2026 09 02 06.5 06.75 34578.27083 34578.28125  1.000    4 0
2026 09 02 07.0 07.25 34578.29167 34578.30208  1.000    4 0
2026 09 02 07.5 07.75 34578.31250 34578.32292  1.333    5 0
2026 09 02 08.0 08.25 34578.33333 34578.34375  2.000    7 0
2026 09 02 08.5 08.75 34578.35417 34578.36458  2.333    9 0
2026 09 02 09.0 09.25 34578.37500 34578.38542  2.000    7 0
2026 09 02 09.5 09.75 34578.39583 34578.40625  1.000    4 0
2026 09 02 10.0 10.25 34578.41667 34578.42708  1.333    5 0
2026 09 02 10.5 10.75 34578.43750 34578.44792  2.333    9 0
2026 09 02 11.0 11.25 34578.45833 34578.46875  1.667    6 0
2026 09 02 11.5 11.75 34578.47917 34578.48958  1.667    6 0
2026 09 02 12.0 12.25 34578.50000 34578.51042  1.333    5 0
2026 09 02 12.5 12.75 34578.52083 34578.53125  1.667    6 0
2026 09 02 13.0 13.25 34578.54167 34578.55208  1.333    5 0
2026 09 02 13.5 13.75 34578.56250 34578.57292  2.000    7 0
2026 09 02 14.0 14.25 34578.58333 34578.59375  1.333    5 0
2026 09 02 14.5 14.75 34578.60417 34578.61458  1.667    6 0
2026 09 02 15.0 15.25 34578.62500 34578.63542  0.333    2 0
2026 09 02 15.5 15.75 34578.64583 34578.65625  1.000    4 0
2026 09 02 16.0 16.25 34578.66667 34578.67708  0.667    3 0
2026 09 02 16.5 16.75 34578.68750 34578.69792  0.667    3 0
2026 09 02 17.0 17.25 34578.70833 34578.71875  0.333    2 0
2026 09 02 17.5 17.75 34578.72917 34578.73958  0.667    3 0
2026 09 02 18.0 18.25 34578.75000 34578.76042  1.333    5 0
2026 09 02 18.5 18.75 34578.77083 34578.78125  1.000    4 0
2026 09 02 19.0 19.25 34578.79167 34578.80208  2.333    9 0
2026 09 02 19.5 19.75 34578.81250 34578.82292  1.333    5 0
2026 09 02 20.0 20.25 34578.83333 34578.84375  1.333    5 0
2026 09 02 20.5 20.75 34578.85417 34578.86458  1.667    6 0
2026 09 02 21.0 21.25 34578.87500 34578.88542  1.333    5 0
2026 09 02 21.5 21.75 34578.89583 34578.90625  1.333    5 0
2026 09 02 22.0 22.25 34578.91667 34578.92708  1.000    4 0
2026 09 02 22.5 22.75 34578.93750 34578.94792  2.000    7 0
2026 09 02 23.0 23.25 34578.95833 34578.96875  1.333    5 0
2026 09 02 23.5 23.75 34578.97917 34578.98958  1.667    6 0
2026 09 03 00.0 00.25 34579.00000 34579.01042  2.333    9 0
2026 09 03 00.5 00.75 34579.02083 34579.03125  2.333    9 0
2026 09 03 01.0 01.25 34579.04167 34579.05208  2.000    7 0
2026 09 03 01.5 01.75 34579.06250 34579.07292  2.333    9 0
2026 09 03 02.0 02.25 34579.08333 34579.09375  1.667    6 0
2026 09 03 02.5 02.75 34579.10417 34579.11458  2.000    7 0
2026 09 03 03.0 03.25 34579.12500 34579.13542  1.667    6 0
2026 09 03 03.5 03.75 34579.14583 34579.15625  1.667    6 0
2026 09 03 04.0 04.25 34579.16667 34579.17708  0.667    3 0
2026 09 03 04.5 04.75 34579.18750 34579.19792  1.333    5 0
2026 09 03 05.0 05.25 34579.20833 34579.21875  1.000    4 0
2026 09 03 05.5 05.75 34579.22917 34579.23958  1.000    4 0
2026 09 03 06.0 06.25 34579.25000 34579.26042  0.667    3 0
2026 09 03 06.5 06.75 34579.27083 34579.28125  1.000    4 0
2026 09 03 07.0 07.25 34579.29167 34579.30208  0.667    3 0
2026 09 03 07.5 07.75 34579.31250 34579.32292  0.333    2 0
2026 09 03 08.0 08.25 34579.33333 34579.34375  0.667    3 0
2026 09 03 08.5 08.75 34579.35417 34579.36458  1.000    4 0
2026 09 03 09.0 09.25 34579.37500 34579.38542  0.333    2 0
2026 09 03 09.5 09.75 34579.39583 34579.40625  0.667    3 0
2026 09 03 10.0 10.25 34579.41667 34579.42708  0.333    2 0
2026 09 03 10.5 10.75 34579.43750 34579.44792  0.333    2 0
2026 09 03 11.0 11.25 34579.45833 34579.46875  1.333    5 0
2026 09 03 11.5 11.75 34579.47917 34579.48958  0.667    3 0
2026 09 03 12.0 12.25 34579.50000 34579.51042  1.000    4 0
2026 09 03 12.5 12.75 34579.52083 34579.53125  1.667    6 0
2026 09 03 13.0 13.25 34579.54167 34579.55208  1.333    5 0
2026 09 03 13.5 13.75 34579.56250 34579.57292  0.667    3 0
2026 09 03 14.0 14.25 34579.58333 34579.59375  1.000    4 0
2026 09 03 14.5 14.75 34579.60417 34579.61458  1.333    5 0
2026 09 03 15.0 15.25 34579.62500 34579.63542  1.333    5 0
2026 09 03 15.5 15.75 34579.64583 34579.65625  2.000    7 0
2026 09 03 16.0 16.25 34579.66667 34579.67708  2.333    9 0
2026 09 03 16.5 16.75 34579.68750 34579.69792  1.333    5 0
2026 09 03 17.0 17.25 34579.70833 34579.71875  1.333    5 0
2026 09 03 17.5 17.75 34579.72917 34579.73958  1.000    4 0
2026 09 03 18.0 18.25 34579.75000 34579.76042  1.000    4 0
2026 09 03 18.5 18.75 34579.77083 34579.78125  1.000    4 0
2026 09 03 19.0 19.25 34579.79167 34579.80208  1.000    4 0
2026 09 03 19.5 19.75 34579.81250 34579.82292  2.667   12 0
2026 09 03 20.0 20.25 34579.83333 34579.84375  3.000   15 0
2026 09 03 20.5 20.75 34579.85417 34579.86458  2.333    9 0
2026 09 03 21.0 21.25 34579.87500 34579.88542  1.667    6 0
2026 09 03 21.5 21.75 34579.89583 34579.90625  1.667    6 0
2026 09 03 22.0 22.25 34579.91667 34579.92708  1.667    6 0
2026 09 03 22.5 22.75 34579.93750 34579.94792  1.333    5 0
2026 09 03 23.0 23.25 34579.95833 34579.96875  2.333    9 0
2026 09 03 23.5 23.75 34579.97917 34579.98958  1.667    6 0
2026 09 04 00.0 00.25 34580.00000 34580.01042  1.000    4 0
2026 09 04 00.5 00.75 34580.02083 34580.03125  1.000    4 0
2026 09 04 01.0 01.25 34580.04167 34580.05208  1.333    5 0
2026 09 04 01.5 01.75 34580.06250 34580.07292  2.000    7 0
2026 09 04 02.0 02.25 34580.08333 34580.09375  1.667    6 0
2026 09 04 02.5 02.75 34580.10417 34580.11458  1.333    5 0
2026 09 04 03.0 03.25 34580.12500 34580.13542  1.333    5 0
2026 09 04 03.5 03.75 34580.14583 34580.15625  1.333    5 0
2026 09 04 04.0 04.25 34580.16667 34580.17708  1.333    5 0
2026 09 04 04.5 04.75 34580.18750 34580.19792  0.667    3 0
2026 09 04 05.0 05.25 34580.20833 34580.21875  0.333    2 0
2026 09 04 05.5 05.75 34580.22917 34580.23958  0.667    3 0
2026 09 04 06.0 06.25 34580.25000 34580.26042  0.667    3 0
2026 09 04 06.5 06.75 34580.27083 34580.28125  0.667    3 0
2026 09 04 07.0 07.25 34580.29167 34580.30208  1.333    5 0
2026 09 04 07.5 07.75 34580.31250 34580.32292  1.000    4 0
2026 09 04 08.0 08.25 34580.33333 34580.34375  1.000    4 0
2026 09 04 08.5 08.75 34580.35417 34580.36458  1.000    4 0
2026 09 04 09.0 09.25 34580.37500 34580.38542  1.000    4 0
2026 09 04 09.5 09.75 34580.39583 34580.40625  2.000    7 0
2026 09 04 10.0 10.25 34580.41667 34580.42708  1.000    4 0
2026 09 04 10.5 10.75 34580.43750 34580.44792  1.333    5 0
2026 09 04 11.0 11.25 34580.45833 34580.46875  1.333    5 0
2026 09 04 11.5 11.75 34580.47917 34580.48958  1.333    5 0
2026 09 04 12.0 12.25 34580.50000 34580.51042  1.000    4 0
2026 09 04 12.5 12.75 34580.52083 34580.53125  1.333    5 0
2026 09 04 13.0 13.25 34580.54167 34580.55208  0.667    3 0
2026 09 04 13.5 13.75 34580.56250 34580.57292  0.333    2 0
2026 09 04 14.0 14.25 34580.58333 34580.59375  1.000    4 0
2026 09 04 14.5 14.75 34580.60417 34580.61458  0.333    2 0
2026 09 04 15.0 15.25 34580.62500 34580.63542  1.333    5 0
2026 09 04 15.5 15.75 34580.64583 34580.65625  1.000    4 0
2026 09 04 16.0 16.25 34580.66667 34580.67708  0.667    3 0
2026 09 04 16.5 16.75 34580.68750 34580.69792  0.000    0 0
2026 09 04 17.0 17.25 34580.70833 34580.71875  0.000    0 0
2026 09 04 17.5 17.75 34580.72917 34580.73958  0.000    0 0
2026 09 04 18.0 18.25 34580.75000 34580.76042  0.333    2 0
2026 09 04 18.5 18.75 34580.77083 34580.78125  0.667    3 0
2026 09 04 19.0 19.25 34580.79167 34580.80208  1.000    4 0
2026 09 04 19.5 19.75 34580.81250 34580.82292  0.667    3 0
2026 09 04 20.0 20.25 34580.83333 34580.84375  0.333    2 0
2026 09 04 20.5 20.75 34580.85417 34580.86458  0.667    3 0
2026 09 04 21.0 21.25 34580.87500 34580.88542  1.000    4 0
2026 09 04 21.5 21.75 34580.89583 34580.90625  0.333    2 0
2026 09 04 22.0 22.25 34580.91667 34580.92708  0.000    0 0
2026 09 04 22.5 22.75 34580.93750 34580.94792  0.000    0 0
2026 09 04 23.0 23.25 34580.95833 34580.96875  0.333    2 0
2026 09 04 23.5 23.75 34580.97917 34580.98958  0.333    2 0
2026 09 05 00.0 00.25 34581.00000 34581.01042  0.333    2 0
2026 09 05 00.5 00.75 34581.02083 34581.03125  1.000    4 0
2026 09 05 01.0 01.25 34581.04167 34581.05208  1.333    5 0
2026 09 05 01.5 01.75 34581.06250 34581.07292  2.333    9 0
2026 09 05 02.0 02.25 34581.08333 34581.09375  1.333    5 0
2026 09 05 02.5 02.75 34581.10417 34581.11458  2.000    7 0
2026 09 05 03.0 03.25 34581.12500 34581.13542  2.000    7 0
2026 09 05 03.5 03.75 34581.14583 34581.15625  2.333    9 0
2026 09 05 04.0 04.25 34581.16667 34581.17708  2.667   12 0
2026 09 05 04.5 04.75 34581.18750 34581.19792  3.000   15 0
2026 09 05 05.0 05.25 34581.20833 34581.21875  3.000   15 0
2026 09 05 05.5 05.75 34581.22917 34581.23958  3.000   15 0
2026 09 05 06.0 06.25 34581.25000 34581.26042  3.000   15 0
2026 09 05 06.5 06.75 34581.27083 34581.28125  2.000    7 0
2026 09 05 07.0 07.25 34581.29167 34581.30208  2.333    9 0
2026 09 05 07.5 07.75 34581.31250 34581.32292  1.000    4 0
2026 09 05 08.0 08.25 34581.33333 34581.34375  0.667    3 0
2026 09 05 08.5 08.75 34581.35417 34581.36458  1.667    6 0
2026 09 05 09.0 09.25 34581.37500 34581.38542  1.667    6 0
2026 09 05 09.5 09.75 34581.39583 34581.40625  1.333    5 0
2026 09 05 10.0 10.25 34581.41667 34581.42708  1.667    6 0
2026 09 05 10.5 10.75 34581.43750 34581.44792  1.667    6 0
2026 09 05 11.0 11.25 34581.45833 34581.46875  2.333    9 0
2026 09 05 11.5 11.75 34581.47917 34581.48958  1.333    5 0
2026 09 05 12.0 12.25 34581.50000 34581.51042  1.333    5 0
2026 09 05 12.5 12.75 34581.52083 34581.53125  1.000    4 0
2026 09 05 13.0 13.25 34581.54167 34581.55208  0.333    2 0
2026 09 05 13.5 13.75 34581.56250 34581.57292  0.000    0 0
2026 09 05 14.0 14.25 34581.58333 34581.59375  1.000    4 0
2026 09 05 14.5 14.75 34581.60417 34581.61458  0.333    2 0
2026 09 05 15.0 15.25 34581.62500 34581.63542  0.333    2 0
2026 09 05 15.5 15.75 34581.64583 34581.65625  0.333    2 0
2026 09 05 16.0 16.25 34581.66667 34581.67708  0.000    0 0
2026 09 05 16.5 16.75 34581.68750 34581.69792  0.333    2 0
2026 09 05 17.0 17.25 34581.70833 34581.71875  0.667    3 0
2026 09 05 17.5 17.75 34581.72917 34581.73958  0.333    2 0
2026 09 05 18.0 18.25 34581.75000 34581.76042  0.333    2 0
2026 09 05 18.5 18.75 34581.77083 34581.78125  0.333    2 0
2026 09 05 19.0 19.25 34581.79167 34581.80208  0.333    2 0
2026 09 05 19.5 19.75 34581.81250 34581.82292  0.667    3 0
2026 09 05 20.0 20.25 34581.83333 34581.84375  0.667    3 0
2026 09 05 20.5 20.75 34581.85417 34581.86458  0.333    2 0
2026 09 05 21.0 21.25 34581.87500 34581.88542  0.667    3 0
2026 09 05 21.5 21.75 34581.89583 34581.90625  0.667    3 0
2026 09 05 22.0 22.25 34581.91667 34581.92708  1.667    6 0
2026 09 05 22.5 22.75 34581.93750 34581.94792  1.333    5 0
2026 09 05 23.0 23.25 34581.95833 34581.96875  1.333    5 0
2026 09 05 23.5 23.75 34581.97917 34581.98958  2.000    7 0
2026 09 06 00.0 00.25 34582.00000 34582.01042  1.000    4 0
2026 09 06 00.5 00.75 34582.02083 34582.03125  0.667    3 0
2026 09 06 01.0 01.25 34582.04167 34582.05208  1.000    4 0
2026 09 06 01.5 01.75 34582.06250 34582.07292  1.333    5 0
2026 09 06 02.0 02.25 34582.08333 34582.09375  1.333    5 0
2026 09 06 02.5 02.75 34582.10417 34582.11458  0.667    3 0
2026 09 06 03.0 03.25 34582.12500 34582.13542  1.000    4 0
2026 09 06 03.5 03.75 34582.14583 34582.15625  1.000    4 0
2026 09 06 04.0 04.25 34582.16667 34582.17708  0.667    3 0
2026 09 06 04.5 04.75 34582.18750 34582.19792  1.000    4 0
2026 09 06 05.0 05.25 34582.20833 34582.21875  1.000    4 0
2026 09 06 05.5 05.75 34582.22917 34582.23958  1.000    4 0
2026 09 06 06.0 06.25 34582.25000 34582.26042  1.000    4 0
2026 09 06 06.5 06.75 34582.27083 34582.28125  1.000    4 0
2026 09 06 07.0 07.25 34582.29167 34582.30208  1.333    5 0
2026 09 06 07.5 07.75 34582.31250 34582.32292  1.333    5 0
2026 09 06 08.0 08.25 34582.33333 34582.34375  1.000    4 0
2026 09 06 08.5 08.75 34582.35417 34582.36458  0.667    3 0
2026 09 06 09.0 09.25 34582.37500 34582.38542  0.333    2 0
2026 09 06 09.5 09.75 34582.39583 34582.40625  1.000    4 0
2026 09 06 10.0 10.25 34582.41667 34582.42708  0.667    3 0
2026 09 06 10.5 10.75 34582.43750 34582.44792  1.000    4 0
2026 09 06 11.0 11.25 34582.45833 34582.46875  0.333    2 0
2026 09 06 11.5 11.75 34582.47917 34582.48958  1.333    5 0
2026 09 06 12.0 12.25 34582.50000 34582.51042  0.667    3 0
2026 09 06 12.5 12.75 34582.52083 34582.53125  0.333    2 0
2026 09 06 13.0 13.25 34582.54167 34582.55208  0.333    2 0
2026 09 06 13.5 13.75 34582.56250 34582.57292  1.000    4 0
2026 09 06 14.0 14.25 34582.58333 34582.59375  0.667    3 0
2026 09 06 14.5 14.75 34582.60417 34582.61458  0.667    3 0
2026 09 06 15.0 15.25 34582.62500 34582.63542  0.333    2 0
2026 09 06 15.5 15.75 34582.64583 34582.65625  1.000    4 0
2026 09 06 16.0 16.25 34582.66667 34582.67708  1.667    6 0
2026 09 06 16.5 16.75 34582.68750 34582.69792  1.000    4 0
2026 09 06 17.0 17.25 34582.70833 34582.71875  1.667    6 0
2026 09 06 17.5 17.75 34582.72917 34582.73958  1.000    4 0
2026 09 06 18.0 18.25 34582.75000 34582.76042  1.333    5 0
2026 09 06 18.5 18.75 34582.77083 34582.78125  1.000    4 0
2026 09 06 19.0 19.25 34582.79167 34582.80208  2.333    9 0
2026 09 06 19.5 19.75 34582.81250 34582.82292  2.333    9 0
2026 09 06 20.0 20.25 34582.83333 34582.84375  2.333    9 0
2026 09 06 20.5 20.75 34582.85417 34582.86458  2.000    7 0
2026 09 06 21.0 21.25 34582.87500 34582.88542  1.667    6 0
2026 09 06 21.5 21.75 34582.89583 34582.90625  2.000    7 0
2026 09 06 22.0 22.25 34582.91667 34582.92708  2.000    7 0
2026 09 06 22.5 22.75 34582.93750 34582.94792  0.667    3 0
2026 09 06 23.0 23.25 34582.95833 34582.96875  1.000    4 0
2026 09 06 23.5 23.75 34582.97917 34582.98958  1.000    4 0
2026 09 07 00.0 00.25 34583.00000 34583.01042  1.667    6 0
2026 09 07 00.5 00.75 34583.02083 34583.03125  1.667    6 0
2026 09 07 01.0 01.25 34583.04167 34583.05208  0.667    3 0
2026 09 07 01.5 01.75 34583.06250 34583.07292  0.667    3 0
2026 09 07 02.0 02.25 34583.08333 34583.09375  0.000    0 0
2026 09 07 02.5 02.75 34583.10417 34583.11458  1.000    4 0
2026 09 07 03.0 03.25 34583.12500 34583.13542  1.667    6 0
2026 09 07 03.5 03.75 34583.14583 34583.15625  2.000    7 0
2026 09 07 04.0 04.25 34583.16667 34583.17708  2.000    7 0
2026 09 07 04.5 04.75 34583.18750 34583.19792  1.667    6 0
2026 09 07 05.0 05.25 34583.20833 34583.21875  1.667    6 0
2026 09 07 05.5 05.75 34583.22917 34583.23958  2.000    7 0
2026 09 07 06.0 06.25 34583.25000 34583.26042  1.667    6 0
2026 09 07 06.5 06.75 34583.27083 34583.28125  2.000    7 0
2026 09 07 07.0 07.25 34583.29167 34583.30208  2.333    9 0
2026 09 07 07.5 07.75 34583.31250 34583.32292  2.333    9 0
2026 09 07 08.0 08.25 34583.33333 34583.34375  3.000   15 0
2026 09 07 08.5 08.75 34583.35417 34583.36458  3.667   22 0
2026 09 07 09.0 09.25 34583.37500 34583.38542  3.000   15 0
2026 09 07 09.5 09.75 34583.39583 34583.40625  3.333   18 0
2026 09 07 10.0 10.25 34583.41667 34583.42708  4.000   27 0
2026 09 07 10.5 10.75 34583.43750 34583.44792  3.667   22 0
2026 09 07 11.0 11.25 34583.45833 34583.46875  3.333   18 0
2026 09 07 11.5 11.75 34583.47917 34583.48958  4.000   27 0
2026 09 07 12.0 12.25 34583.50000 34583.51042  3.333   18 0
2026 09 07 12.5 12.75 34583.52083 34583.53125  2.667   12 0
2026 09 07 13.0 13.25 34583.54167 34583.55208  2.333    9 0
2026 09 07 13.5 13.75 34583.56250 34583.57292  3.333   18 0
2026 09 07 14.0 14.25 34583.58333 34583.59375  4.333   32 0
2026 09 07 14.5 14.75 34583.60417 34583.61458  3.333   18 0
2026 09 07 15.0 15.25 34583.62500 34583.63542  3.333   18 0
2026 09 07 15.5 15.75 34583.64583 34583.65625 -1.000   -1 0
2026 09 07 16.0 16.25 34583.66667 34583.67708 -1.000   -1 0
2026 09 07 16.5 16.75 34583.68750 34583.69792 -1.000   -1 0
2026 09 07 17.0 17.25 34583.70833 34583.71875 -1.000   -1 0
2026 09 07 17.5 17.75 34583.72917 34583.73958 -1.000   -1 0
2026 09 07 18.0 18.25 34583.75000 34583.76042 -1.000   -1 0
2026 09 07 18.5 18.75 34583.77083 34583.78125 -1.000   -1 0
2026 09 07 19.0 19.25 34583.79167 34583.80208 -1.000   -1 0
2026 09 07 19.5 19.75 34583.81250 34583.82292 -1.000   -1 0
2026 09 07 20.0 20.25 34583.83333 34583.84375 -1.000   -1 0
2026 09 07 20.5 20.75 34583.85417 34583.86458 -1.000   -1 0
2026 09 07 21.0 21.25 34583.87500 34583.88542 -1.000   -1 0
2026 09 07 21.5 21.75 34583.89583 34583.90625 -1.000   -1 0
2026 09 07 22.0 22.25 34583.91667 34583.92708 -1.000   -1 0
2026 09 07 22.5 22.75 34583.93750 34583.94792 -1.000   -1 0
2026 09 07 23.0 23.25 34583.95833 34583.96875 -1.000   -1 0
2026 09 07 23.5 23.75 34583.97917 34583.98958 -1.000   -1 0
